-1
623619
11274359
-1
-1
-1
-1
-1
-1
-1
-1
-1
475931
-1
-1
-1
3315038
9682507
-1
-1
-1
10880514
-1
738518
-1
11257971
-1
-1
-1
4168423
-1
-1
-1
-1
-1
6679312
344666
9502006
1870892
-1
-1
-1
9584066
-1
1952953
-1
-1
-1
11832379
3790989
9813827
-1
10289749
5743903
16464
7319361
8944051
-1
-1
-1
3873056
6744982
5563389
-1
-1
-1
9534857
5415697
9895899
-1
-1
-1
-1
-1
6449597
-1
-1
-1
-1
-1
4759270
-1
-1
-1
7746076
-1
2757134
7992243
-1
1017571
-1
-1
-1
-1
-1
-1
11422152
4660820
3708984
-1
5629073
-1
-1
-1
1296573
2888441
-1
8894869
919124
-1
-1
7352239
-1
-1
11159594
3233082
-1
-1
-1
-1
-1
1477111
-1
-1
-1
-1
1214540
8484614
590924
-1
-1
-1
1575588
-1
1788933
-1
5136779
-1
3626969
-1
-1
-1
2396148
7532792
4989087
394009
-1
3840321
4267008
2346922
-1
-1
-1
-1
-1
-1
-1
-1
-1
-1
820710
10962708
-1
5858890
7647690
-1
-1
-1
-1
3577767
7877450
-1
-1
7106136
-1
-1
-1
-1
-1
6974854
4578849
-1
1559227
-1
-1
9945251
10946323
-1
-1
-1
-1
-1
-1
-1
-1
3561382
-1
-1
-1
-1
-1
-1
-1
2642374
5629177
8501102
9518586
-1
11569963
-1
4234248
1674133
968460
7844671
11077637
8123660
2018768
1559259
4890696
-1
-1
-1
10946359
-1
11816144
-1
4660950
8058028
4152209
2576755
6515393
-1
2412649
-1
-1
7418007
-1
11635636
9978126
-1
4874307
2068027
10470459
-1
-1
-1
902851
-1
3101927
-1
-1
-1
-1
-1
-1
-1
-1
-1
-1
5793342
-1
10979220
1493663
11389497
11684896
8747328
10979224
6384146
722351
1789068
2642441
8763745
1116220
4152256
4234300
-1
-1
1247513
-1
-1
-1
10798719
8419124
7729864
919300
-1
3922515
-1
-1
-1
2888626
10782318
10257167
246458
7024200
-1
-1
9682787
8813005
-1
8320677
-1
-1
-1
-1
-1
-1
-1
5022074
11356721
1329601
9896143
-1
-1
-1
-1
-1
-1
-1
-1
11570075
7139106
2478381
2691727
-1
-1
-1
-1
-1
-1
459838
9994630
-1
9879755
65977
6334981
8550464
5580077
5957530
-1
-1
-1
3019966
1493744
2330706
148041
-1
6203705
1378871
2626108
-1
-1
-1
1953262
-1
-1
-1
4792369
7582240
7746349
3512314
-1
-1
4217990
6843750
-1
-1
-1
-1
-1
2035334
-1
-1
11471662
-1
-1
-1
-1
-1
2133809
-1
5580121
1822002
7221223
820934
1707128
9748519
-1
-1
-1
3660043
-1
5678598
1592260
11406038
3709279
5530902
1444562
1739964
-1
-1
8501299
10503442
-1
-1
-1
-1
9715719
9453143
6105301
-1
-1
-1
2199487
2576941
9715727
9010053
1329708
10716800
427102
-1
115298
1805632
3134924
10076776
4677560
10355766
-1
-1
-1
-1
-1
7352560
-1
9403937
-1
8074648
-1
2839541
-1
5793523
6006866
4300122
-1
-1
8566987
11488146
-1
-1
2724675
-1
-1
-1
4579122
-1
-1
-1
-1
9354728
-1
-1
4792473
11110709
-1
16875
-1
-1
-1
4349383
8911642
328690
-1
2724698
-1
2659056
-1
10011186
10880970
4989421
5563806
-1
1477471
9584506
312292
-1
7565956
-1
-1
3003701
3463210
-1
11373314
4267351
-1
2593432
7598787
10815345
9469644
410773
-1
1789299
-1
-1
66147
11701546
8862445
11553850
5432548
6679784
10355848
3758626
1428264
4333016
-1
7631629
-1
4612007
3692992
-1
-1
-1
-1
-1
-1
-1
-1
1132885
4070455
11750804
4086865
7057257
5071527
6400817
-1
2609883
-1
5071535
-1
9125054
-1
-1
-1
-1
-1
10109720
8320922
-1
11586713
10700520
-1
2363734
7533200
-1
-1
1723709
-1
-1
6515724
7057288
-1
2642731
-1
-1
624181
2166815
5301318
5678772
-1
6975243
-1
-1
-1
9666651
5547491
-1
-1
-1
10503617
9075861
5137221
3282779
-1
5744432
2970974
9863595
9223566
5120814
-1
10076942
-1
10142588
-1
-1
-1
-1
-1
4644909
-1
5088008
5744449
6171136
66244
-1
4726971
6958868
10749810
10536468
7106567
11192910
-1
9994909
-1
10224665
-1
-1
-1
1822237
10142615
-1
-1
6532198
8714862
-1
9863634
1297092
10618542
4431596
9650295
3118718
-1
5957823
-1
5071631
345263
10799070
-1
4431606
-1
-1
-1
-1
-1
-1
10109819
7073785
-1
6991732
-1
-1
-1
-1
-1
-1
3758772
8452318
2314606
4431624
7221497
-1
-1
-1
936088
-1
6483008
-1
-1
9502635
6466600
6351725
-1
-1
-1
1887937
9994972
-1
-1
-1
148376
-1
3840853
10569364
3561868
-1
17094
9158021
1428440
6351742
-1
-1
788417
1904366
-1
-1
-1
-1
3725992
-1
4201913
-1
-1
3512654
-1
-1
4103453
9863715
-1
-1
-1
-1
-1
-1
-1
-1
8042103
-1
-1
-1
-1
6630762
-1
-1
6794875
443818
4267583
4021419
8649321
-1
-1
-1
-1
4858386
4776331
9190892
607937
1264378
6762064
3496274
-1
-1
10996109
1641840
-1
-1
11209456
-1
-1
10651485
-1
-1
-1
-1
-1
-1
11849495
1805964
4136327
-1
17168
-1
8583712
2823451
-1
-1
-1
3496307
8091388
2823458
6499522
8600132
5925139
5203052
-1
10405346
11570527
7960107
4267635
2823468
5875915
-1
6286192
2807061
-1
4480985
-1
-1
-1
-1
-1
11193090
-1
-1
-1
11570547
2314744
8075006
10848463
7402156
5203082
11734663
5317963
115673
7894492
5793885
-1
1576260
-1
7270879
-1
6335454
9716121
11111056
10618728
6122115
2413230
197746
-1
9059688
9716128
-1
-1
-1
-1
11619810
11800331
11373647
788553
7024734
-1
11258774
10487458
-1
10667981
11504943
7960167
-1
-1
4070764
4513862
8616611
9289463
-1
-1
-1
-1
-1
-1
411121
7779661
-1
-1
7549910
-1
-1
-1
-1
-1
2790726
-1
-1
-1
3053306
-1
-1
-1
4251313
10635193
-1
-1
-1
8583822
7418641
6187818
-1
4234911
5022640
9437198
-1
-1
11340879
11866032
9273093
2757929
-1
-1
-1
10520336
-1
-1
4874955
8616664
-1
9617737
722975
-1
-1
-1
-1
-1
-1
7156095
-1
9568514
7287386
8337691
-1
-1
3873902
2856420
-1
-1
673761
8190000
7353039
4038019
1100451
-1
-1
3808269
-1
-1
-1
214264
-1
5318087
-1
-1
-1
6762259
657368
-1
-1
-1
-1
-1
5843250
-1
-1
2528231
5071937
6696626
2265656
3660594
-1
-1
-1
115822
2298486
-1
-1
-1
-1
11029143
4907840
-1
-1
11521477
-1
-1
-1
-1
-1
-1
7599255
-1
-1
-1
-1
8731619
2511851
-1
10389133
3496513
-1
-1
-1
-1
-1
-1
-1
-1
-1
8944976
-1
7074124
5646368
-1
-1
8583940
1297456
-1
-1
-1
-1
-1
-1
-1
-1
952835
11144067
11554341
-1
5876139
6795156
8370612
1067719
8879354
-1
-1
-1
-1
-1
-1
-1
9059885
-1
-1
-1
263593
1412364
-1
-1
3316043
7271095
6532601
-1
9453761
-1
-1
-1
-1
-1
-1
-1
-1
9519414
-1
-1
3151949
6663904
5843354
641069
-1
-1
-1
3217600
9896878
7566516
-1
-1
969298
2315001
-1
-1
-1
10881547
-1
-1
-1
-1
-1
-1
2856575
-1
-1
10569748
11308243
-1
-1
-1
-1
8928654
-1
-1
-1
11751350
7763478
-1
-1
-1
11259025
6204437
11127738
-1
378536
5301837
-1
9355356
7500914
3906904
2659668
7303981
-1
-1
10487722
6647548
8026072
9076376
-1
3677162
4940810
7057830
4399249
-1
9896936
5744953
9847705
-1
-1
6023945
9486666
-1
10110287
4136684
8058914
-1
-1
3299727
-1
-1
-1
-1
-1
-1
11505234
-1
1625814
9831315
-1
10274414
-1
-1
4924431
3792073
1510945
-1
7468140
-1
1445305
-1
-1
10307248
7271214
-1
8534863
-1
6893765
9601581
9470292
-1
5712177
-1
2183814
8813859
8091775
11718608
-1
10996526
10405731
2971549
1757136
5646543
11406806
5433202
6417857
-1
-1
-1
-1
-1
-1
-1
-1
-1
-1
4891652
5712203
-1
-1
-1
-1
10996550
11587346
10701154
8354381
5991199
4727553
-1
10733981
-1
9486747
132477
10569875
-1
6385072
11784292
6860993
-1
-1
477117
8387220
-1
-1
-1
-1
10865286
-1
-1
-1
4530644
2922367
7435391
8633397
5580950
6024050
-1
11209928
10898120
-1
-1
5236328
953058
7254881
-1
-1
1773612
-1
-1
-1
-1
2282358
9453966
-1
-1
-1
3792175
854606
-1
11472526
1822858
4891717
-1
-1
-1
-1
-1
-1
3939886
-1
8764722
10094014
7583130
-1
-1
4448634
3923483
-1
4005540
8354455
5712285
7156452
5827163
11423317
10044793
5876401
-1
-1
903871
-1
-1
7944193
-1
3053717
6155397
6319508
-1
3414763
-1
10225330
-1
-1
3890687
-1
-1
6056942
2856798
10176105
-1
4924587
-1
-1
2003432
-1
-1
5843609
-1
-1
9043757
-1
-1
6598521
-1
10537163
-1
-1
8879655
-1
-1
-1
-1
10881802
-1
-1
-1
9585337
10225366
280302
7025222
5121545
2709133
8436573
5121552
5564650
7353447
9076606
-1
-1
-1
-1
-1
-1
6861128
-1
-1
-1
-1
-1
-1
-1
-1
-1
-1
-1
-1
11374166
-1
3349189
-1
-1
-1
-1
674201
-1
-1
1822974
5203641
-1
-1
8354556
-1
10405933
-1
-1
-1
10849034
2922521
5630338
-1
11489067
5925739
5679574
-1
-1
4727740
-1
838335
-1
-1
-1
-1
4678514
8814087
9847981
-1
-1
10635712
-1
-1
-1
9765933
-1
3267179
11390625
3956443
-1
690656
8764868
-1
-1
10701370
11292166
4153381
-1
-1
-1
-1
-1
-1
-1
-1
-1
2742047
7140195
854782
11784511
5958607
9470562
-1
6762749
6254009
1314297
6549408
9470564
7796647
707096
-1
4563683
5794509
-1
-1
-1
7025338
2413848
-1
4153416
575818
887629
10996806
-1
-1
11177330
-1
-1
444539
9093136
8830561
214786
-1
5417077
-1
-1
-1
-1
-1
-1
-1
-1
-1
8896219
4153441
9125974
1511271
-1
-1
-1
-1
-1
-1
-1
-1
-1
559444
3907289
10881964
-1
-1
9979363
7960811
5449927
181999
-1
-1
-1
1691815
-1
-1
11850227
-1
7091039
1248724
1035381
11751763
7189509
9339346
116370
10947630
3382154
1314374
-1
-1
-1
-1
4809924
-1
-1
6516671
4908394
-1
-1
6844895
-1
-1
-1
-1
3431412
-1
-1
2545221
-1
6795672
-1
-1
-1
-1
-1
-1
-1
-1
-1
1248764
-1
-1
-1
772849
8108567
-1
2200609
3841709
-1
1921625
10324058
1872394
11850283
8847070
-1
-1
-1
-1
-1
-1
-1
756456
-1
-1
2824245
-1
-1
3529921
6451080
-1
5515655
-1
67205
-1
-1
-1
-1
-1
3677631
3382234
10176389
7911671
2331931
4366894
10521024
-1
5318739
2578103
-1
-1
-1
132868
-1
3103261
6730093
1724737
-1
4957708
4662311
-1
-1
-1
-1
-1
-1
-1
7763998
1806806
10406171
-1
4563857
-1
-1
-1
-1
-1
-1
-1
-1
5203895
674460
-1
8436865
-1
1790412
7288098
-1
3267405
-1
-1
-1
-1
5860348
11801130
11440090
8650221
8879975
8683045
3973089
6352685
9667708
-1
1363744
-1
10192864
3168957
-1
3776166
-1
10340568
-1
-1
2446880
1675564
2528937
9109749
11390879
11604222
-1
7370187
7419421
-1
10767267
3086920
-1
-1
2217140
-1
-1
10258533
7107622
-1
9323109
937089
-1
4990608
7058395
5614227
2299207
7764071
2249975
1084794
871454
4416231
11029858
-1
-1
-1
2200751
5171142
7764082
-1
-1
7961017
5236792
2660266
-1
-1
9569300
7813323
5335264
-1
-1
-1
-1
1987425
4842940
-1
-1
1265345
10389861
346331
2988501
1052006
7370237
6598920
3415193
-1
-1
7468713
-1
-1
-1
5647096
-1
-1
2512598
-1
7238968
7485134
11374542
1298189
-1
-1
-1
-1
494055
-1
7353855
329948
4777330
-1
6057390
6713831
7911835
10324251
608940
2332093
-1
526890
-1
10127327
-1
5286084
7796967
8502642
6139459
-1
-1
-1
-1
2135180
-1
9388844
3628584
11407398
4219382
-1
-1
-1
9963236
1019242
8683180
5893311
379216
5286106
6402055
-1
6500523
-1
-1
2447009
5729209
7058502
789501
11555118
7386725
8174452
-1
-1
-1
-1
-1
10209424
5565112
7731364
1856226
8469862
1626476
7353915
10504829
1117736
7173393
4514814
-1
3825557
-1
-1
-1
5893347
3759918
2939369
-1
5236911
-1
-1
6845192
2611155
8469882
11555152
5942590
1708553
-1
7797037
-1
-1
-1
-1
280804
-1
4613310
6664686
1167002
412097
-1
9930479
-1
10504866
8880178
11341827
-1
-1
-1
-1
5680039
51067
7961170
-1
2020390
-1
3595848
-1
-1
2726068
1675764
5466705
7682193
2332208
-1
5171313
7271921
-1
-1
-1
-1
-1
-1
-1
-1
559832
9454595
1675782
-1
-1
-1
-1
-1
7715036
5745717
-1
-1
-1
-1
-1
-1
10915189
215218
-1
-1
-1
-1
-1
-1
-1
-1
-1
-1
6287299
-1
-1
-1
4793902
-1
4038998
-1
-1
2479956
-1
-1
641927
-1
5975504
67544
2020454
6008326
1643000
822454
-1
-1
-1
-1
-1
2726137
-1
-1
9700815
6090396
-1
-1
1035811
-1
6418621
-1
-1
-1
10751129
7403286
6533504
2135354
-1
8273073
5581670
-1
9405435
-1
-1
-1
-1
-1
1725093
-1
-1
2529235
-1
-1
-1
-1
-1
-1
-1
-1
3366205
-1
-1
-1
10045486
-1
-1
-1
-1
-1
-1
-1
7009459
11735827
11538897
-1
3136467
2480028
-1
-1
-1
6303795
-1
-1
-1
-1
-1
-1
-1
-1
-1
10373733
-1
-1
412259
1725140
-1
6566387
-1
-1
642019
9799358
-1
9372674
7518232
4383731
-1
-1
-1
-1
-1
-1
-1
8043393
-1
-1
-1
10997377
-1
-1
2217495
-1
-1
-1
-1
-1
-1
231771
2906764
-1
-1
-1
4104772
-1
11063038
4777625
7583906
8158292
-1
-1
-1
-1
-1
-1
-1
-1
-1
-1
7042357
1938536
-1
-1
-1
-1
-1
-1
-1
-1
-1
4482252
-1
-1
6582863
7190071
1085178
1314933
-1
-1
-1
-1
-1
-1
11621050
10308170
3448372
5286407
5942847
5713095
4367394
2266787
8207570
7879347
822613
7912175
-1
-1
10029197
674928
6845465
-1
3612500
-1
-1
6074153
-1
2742722
-1
-1
-1
-1
1561135
5187966
10636420
2824785
-1
10915410
-1
-1
-1
-1
-1
-1
3202247
-1
2578631
-1
625724
-1
-1
-1
-1
3530476
9783068
3497656
4925412
4465906
-1
839078
-1
1758096
-1
-1
-1
10718506
-1
-1
-1
-1
6451651
10603635
-1
-1
1265779
1019615
-1
-1
1003207
6336782
-1
1856582
8732792
10767755
-1
-1
-1
-1
-1
9815925
-1
-1
-1
-1
11588318
6123456
8092777
-1
-1
-1
-1
10784186
-1
-1
4465954
1019645
2299703
6960429
3711051
-1
1807378
11292937
-1
3218727
-1
-1
1561219
3350019
-1
-1
-1
-1
-1
-1
9651850
3940823
11457062
-1
-1
642216
8010756
11194491
9536981
7321496
-1
-1
8306160
6057854
7616899
-1
-1
-1
-1
-1
-1
10193434
5910164
740699
2595143
3908025
3793144
6632247
10324729
4630109
6763542
-1
7469219
888409
-1
-1
-1
-1
-1
4269081
412496
4958344
3350066
4597304
-1
1413573
-1
-1
-1
-1
2349005
-1
-1
-1
-1
9208808
-1
9389331
1938738
-1
5138885
8700073
10505284
-1
5910206
-1
-1
4269109
11128908
3235218
5746099
4400401
-1
-1
7469261
-1
4761448
921274
3579858
1561305
5450714
3038298
-1
-1
7469271
9783223
11489967
5434309
5860997
10291966
100735
5434314
-1
-1
-1
-1
8552409
-1
-1
-1
3940922
8421126
10685843
-1
9110391
8683706
-1
-1
5516386
-1
6681569
3103971
-1
11785393
-1
-1
-1
3530664
1938797
-1
9832491
-1
-1
7961640
-1
-1
478227
11293076
10111484
3973772
3858897
6386192
7633429
11161790
-1
-1
7026226
-1
-1
8864261
-1
-1
-1
-1
-1
-1
-1
-1
-1
-1
-1
-1
-1
-1
11276693
11325927
10127924
10439735
3891746
-1
-1
-1
8437598
10144343
9799711
5007700
-1
1495750
-1
9241744
-1
10078707
-1
-1
8142212
-1
-1
9258163
379813
-1
-1
-1
-1
-1
6156491
-1
-1
-1
10160779
4088710
4400519
10505412
4777975
3235342
8404808
7666311
-1
-1
3333813
-1
-1
-1
-1
9012024
-1
-1
-1
-1
-1
-1
-1
-1
-1
10013105
6714495
-1
10078752
11572153
9832589
-1
-1
2595341
3251782
-1
11555750
3941047
6845795
-1
-1
-1
-1
-1
-1
3924644
3432315
11260363
-1
-1
-1
-1
7288906
6878632
8519733
5861151
-1
10669577
1577884
3350271
2185093
2808708
10111607
-1
-1
-1
7928949
8043826
9914681
9044897
2890773
-1
9389534
-1
-1
-1
-1
5155501
2086645
1315328
6977125
7321755
4564706
5122679
-1
-1
8142312
6698145
-1
-1
-1
-1
-1
3859048
10948600
35286
11326056
1249700
-1
-1
-1
-1
4055989
7518711
-1
-1
-1
1413823
-1
-1
8207980
-1
-1
4384220
6698172
5303238
2693890
7551547
-1
2414906
-1
6304315
6205850
-1
-1
-1
-1
-1
-1
-1
-1
-1
-1
-1
6435616
-1
-1
248672
1692840
7026417
10489136
-1
-1
-1
2513397
9094209
-1
150216
-1
4991463
-1
-1
-1
2759571
1988254
-1
-1
-1
-1
-1
-1
-1
3104211
2513416
-1
-1
6484881
-1
-1
-1
6813105
-1
-1
8864483
-1
8766019
10308654
6829523
-1
2283678
2431378
9209122
5976155
3924779
-1
-1
-1
-1
6320793
-1
-1
9734284
380014
11670784
9537352
-1
8667574
-1
-1
-1
-1
2037535
-1
-1
-1
117452
-1
-1
-1
-1
-1
-1
-1
-1
-1
-1
7961921
-1
-1
8060390
1200592
6698277
-1
-1
4728962
-1
-1
11424653
8191687
-1
-1
6156726
6058261
-1
-1
-1
1069321
1627296
-1
-1
2382205
1479601
-1
2579140
8897375
4761804
-1
-1
-1
-1
101086
-1
-1
1873477
-1
3334058
-1
-1
8618403
7010125
-1
8421474
-1
11769320
11752910
2103243
7223476
6665500
9816416
-1
4811063
2956621
5598791
7453237
6107532
-1
5713674
6813212
3087916
6222417
3908467
1036544
6796805
6419351
8536369
1200651
6107544
10686218
10817506
9127175
1020135
-1
-1
4285934
1184256
4794676
-1
-1
-1
5139312
7699428
8257404
-1
9242066
7584556
9274890
7108639
-1
-1
-1
7420452
2743318
-1
6337329
-1
-1
330906
-1
-1
-1
10358031
2792561
3727989
3531058
577078
10111871
-1
2792567
-1
-1
-1
-1
-1
-1
-1
-1
-1
2185370
6649163
-1
-1
-1
-1
-1
5845030
-1
4712673
-1
-1
-1
10308828
199653
6764053
-1
-1
-1
4023421
-1
3957779
2431557
5369126
9914975
-1
-1
5795817
-1
-1
-1
5631711
3350582
-1
9783697
970991
6370210
-1
-1
10243210
9012386
3367003
-1
-1
-1
-1
3941393
-1
-1
-1
-1
-1
8388780
8700590
9652428
-1
8536483
-1
10719148
-1
-1
-1
-1
593566
-1
-1
-1
7994931
-1
3219332
-1
7830825
2201852
1069495
-1
-1
-1
-1
5205072
10177605
10062730
2513671
11802297
-1
-1
7256454
-1
-1
5681001
8651393
-1
2021351
-1
8651397
5927172
-1
-1
-1
5106626
-1
-1
11572563
8585761
-1
-1
577197
9915057
10079167
-1
4663540
2907564
4860473
-1
-1
8996049
3875818
6895443
-1
7387775
-1
-1
-1
-1
-1
-1
-1
1069548
-1
4778436
-1
-1
11671059
-1
-1
-1
-1
8093466
314653
6321080
-1
-1
6025685
4154832
-1
-1
-1
-1
-1
2300395
-1
-1
-1
-1
-1
-1
-1
6862661
11621852
3301476
2530159
8897629
8717109
-1
-1
8027850
-1
-1
-1
6042123
2612225
-1
-1
-1
-1
-1
-1
7601176
-1
10161294
-1
-1
-1
-1
5073889
-1
-1
4860549
2661476
4630797
-1
528049
-1
-1
-1
9734624
10949038
4483106
-1
10391068
6173442
9078190
2956885
7863775
8700738
-1
-1
-1
3071771
-1
9504885
3531282
3678982
4401065
8487407
10243380
5582656
-1
-1
-1
-1
-1
7486344
3777458
2415345
6928371
5582669
3038968
3137431
10391098
-1
-1
-1
-1
5599091
8388962
8717183
5254463
-1
5254465
-1
-1
-1
-1
6550939
-1
642981
8356152
-1
-1
-1
-1
-1
5582699
5533466
-1
6583773
7190981
7486380
-1
10030087
3761086
-1
4581638
-1
-1
-1
-1
7699733
8717216
4483179
4893455
2218463
3646221
6189925
3777510
643005
8766457
5500664
11457863
-1
-1
-1
8897751
10144988
10637318
3580590
10079347
4909882
7273065
6452519
-1
-1
-1
4975533
-1
1036895
-1
1529227
-1
6534584
9931662
2185669
495339
4745789
-1
5763273
5910972
-1
6075085
11375839
7519255
9143944
-1
3646262
6944873
-1
-1
-1
-1
-1
-1
1299497
4040134
9718342
11096866
3613452
1660544
11507143
8110063
7289519
-1
-1
3318061
7158235
10670191
11556384
-1
-1
7617749
-1
-1
150747
10177869
7601343
-1
-1
2087250
-1
-1
-1
298455
-1
-1
-1
6944914
1135420
5238172
577448
10834324
4893541
9816845
1496469
5090477
8405497
-1
-1
-1
725158
2907822
-1
1841109
10276363
-1
3236047
5106901
11556426
905688
3084
9357355
7059814
11261030
7814724
5106907
11359496
1923174
2070878
11080518
4417653
6321330
7929602
7273159
725177
6977770
4073028
9045547
-1
-1
-1
-1
-1
-1
3498651
6633152
9029158
-1
2924270
5632085
11228238
-1
-1
-1
9160456
11720572
-1
6583932
-1
-1
-1
-1
3597135
9340985
-1
5024895
-1
1873985
-1
-1
-1
11507246
-1
-1
4959260
8569681
-1
5582881
4631044
-1
5796227
7371684
-1
-1
-1
-1
2382745
3695626
9751285
2399157
8471227
-1
-1
-1
8815865
10112335
3351004
11326750
5057750
-1
-1
-1
-1
-1
-1
2924327
8865109
6026008
10046703
4352087
11605751
-1
6862974
10686738
11113424
5861903
-1
2054556
-1
-1
3843358
7141969
10309292
8504085
9029238
-1
-1
-1
7946116
3236160
2432020
11162674
10292893
11392431
10473416
413472
10210842
1529423
-1
-1
1562249
4811627
-1
-1
1939706
8307175
-1
4483414
6255802
3006426
-1
-1
-1
-1
-1
-1
-1
7076362
5960415
5172687
-1
11655035
-1
-1
-1
-1
-1
-1
-1
7207662
-1
8930819
4056753
10145234
-1
-1
-1
8750304
10752446
-1
-1
-1
10900150
7306141
9718560
-1
-1
-1
-1
-1
-1
-1
-1
9702158
-1
-1
-1
-1
11737127
-1
-1
11852007
-1
-1
7749260
-1
8323647
3958322
9702171
11064286
5041451
2038239
265852
11294045
3909094
9603712
4680414
-1
-1
-1
-1
-1
-1
-1
479207
-1
-1
7224131
11146360
3039328
7995451
2957275
-1
1529520
-1
9357569
11228424
3531664
6813867
11080728
8701133
-1
-1
7174914
-1
-1
-1
-1
-1
3285513
6223083
7962649
9570927
4138888
9341177
8258052
10998690
7897006
4860974
-1
-1
-1
1283384
8438581
544891
1283387
397192
8602692
11852074
6731843
1037227
6108227
6009757
5238446
3121428
1184926
7043654
-1
-1
2547048
9866355
9735068
1004414
4516370
10210990
-1
-1
-1
-1
-1
6994440
8405786
10637682
11671577
-1
544922
3269149
-1
5484636
-1
-1
10867447
1874220
6042614
-1
610576
4204586
3564556
-1
-1
1792173
-1
-1
-1
807517
216722
4729748
10785406
2071168
10194614
282371
9702284
4910272
-1
2744025
-1
-1
10933117
-1
5238502
11458271
4795407
-1
-1
-1
-1
-1
-1
-1
10227456
1546038
4713362
823955
10965955
11409048
3203554
7142195
4516436
6682688
9603842
-1
-1
7716586
1923504
479335
1742984
6699108
3548196
6584233
11852165
11441891
11277778
-1
-1
-1
-1
-1
8504329
-1
-1
-1
10851106
6502192
-1
-1
-1
-1
-1
-1
-1
-1
-1
3170769
5550365
2678440
-1
3055896
2366635
5369849
10145448
3220010
512196
6649909
-1
8225369
6403748
-1
10375213
9685952
4155445
4221091
-1
-1
-1
9718780
10424454
2399476
10030591
10391631
-1
4893952
5451927
-1
-1
5369875
-1
1660991
2005623
-1
-1
-1
3367740
-1
-1
-1
3351333
-1
3384157
3860077
7749485
3597503
725576
8126940
8044887
10194729
-1
-1
-1
9292128
6338149
-1
-1
-1
-1
-1
-1
1168691
-1
4500126
8389533
-1
-1
-1
8405949
7651044
216860
2514403
-1
479441
-1
-1
-1
3942166
2842630
-1
3367784
-1
-1
10047064
2694936
-1
-1
-1
5156591
10933263
1332830
9374221
6272540
10342472
5435583
-1
8143401
2005688
7536196
11310724
1464128
9439874
4516573
6272554
8176228
-1
-1
-1
988217
561532
9439884
5944339
9193721
8323938
8701393
3515515
7536214
5977164
9833755
-1
-1
-1
3285771
-1
6929015
-1
-1
-1
11048180
10703550
-1
-1
4073509
-1
-1
9439909
-1
-1
-1
7191606
-1
7191608
-1
2908339
5287934
7503419
-1
-1
1218011
-1
5091009
-1
3203746
6617234
3958654
-1
5091015
3269394
7470612
7339325
8340396
8750671
2120624
-1
-1
-1
-1
-1
-1
6879827
-1
9751754
-1
-1
7043942
-1
3614045
10523077
-1
-1
-1
-1
3564818
-1
1776021
4286905
3909453
-1
-1
-1
-1
-1
9636898
6321877
1332933
-1
5731084
9850246
-1
-1
-1
9472797
1037543
692914
4828485
2563767
807794
9325104
-1
-1
9193819
2990462
-1
-1
-1
-1
8143521
-1
-1
-1
-1
-1
-1
5534179
-1
5353660
-1
-1
-1
10933404
7979425
-1
6994767
-1
-1
-1
-1
-1
-1
-1
4303371
-1
-1
709365
-1
-1
8652292
-1
-1
-1
-1
-1
-1
-1
-1
1890969
-1
4270566
-1
7536357
6682985
6026547
10441107
-1
-1
-1
-1
4713673
9374398
7519955
-1
1086846
-1
-1
-1
6568124
-1
-1
-1
8849257
-1
1283788
-1
-1
11392967
-1
-1
-1
-1
-1
-1
8045130
6584552
6321977
-1
8914917
3712631
-1
-1
-1
-1
-1
-1
6256343
-1
-1
-1
10211398
9751891
4549604
8553890
6092241
7585643
1513569
-1
5123996
627383
-1
-1
3285968
4828603
-1
11409416
-1
-1
11425830
2120794
463284
11507888
8882129
3302388
1956689
1431536
-1
-1
-1
-1
4795798
-1
2334150
-1
2941359
-1
1234617
7323098
10047326
4582463
-1
-1
-1
-1
-1
-1
8964208
6650258
11245339
-1
-1
-1
-1
8225720
-1
-1
-1
-1
1891079
6748735
2038780
-1
10523269
282806
1267467
-1
8734474
-1
-1
-1
-1
249992
10129415
-1
6190777
7831878
5124064
4680966
-1
6912866
-1
8964243
3039873
10129425
11311019
1218254
2022394
10145838
1267489
6765172
3433745
-1
-1
-1
-1
-1
-1
611060
5698471
5468718
-1
8915030
3204003
4123019
8504757
-1
-1
3863
4598944
-1
-1
-1
-1
6387748
-1
-1
-1
-1
-1
11557219
1907552
8324254
3679940
-1
7388830
-1
-1
-1
-1
709558
3876881
1923973
-1
-1
-1
-1
-1
11163373
7044213
-1
-1
-1
8061699
10326418
118776
8570443
11622890
-1
-1
-1
-1
-1
11327498
988569
11836241
-1
6568312
4828747
11393148
11425971
-1
6404207
-1
3630750
5288262
-1
1858365
-1
-1
-1
-1
9374608
6371396
4566187
3647172
-1
-1
5255453
-1
-1
-1
10211579
3384604
-1
5042117
9308977
10703914
6502698
3220500
-1
-1
-1
-1
-1
6453473
-1
-1
4795965
9801321
-1
6256547
4533392
5485230
-1
-1
10753166
-1
-1
-1
-1
-1
-1
7700727
-1
-1
4139543
10162380
2137403
479893
3663628
-1
-1
4779579
5665774
7405341
10178801
1595849
-1
-1
6190932
11130644
1037880
-1
9801356
-1
11688623
9932646
8504891
-1
-1
-1
-1
758904
-1
-1
-1
-1
-1
4090343
-1
11278363
1382531
8718247
8586962
-1
9423925
-1
8028992
-1
-1
-1
1185609
7750010
-1
8816727
233774
7405383
-1
2514907
-1
-1
11147096
9358298
2843132
7585912
2744668
-1
11836364
5747884
5288376
9309072
7832084
-1
-1
-1
-1
-1
-1
9637301
4073973
4615537
-1
8751111
2564164
5550968
4746829
2547753
4878120
627669
9867060
-1
-1
5271989
6387938
10162468
36882
5944844
-1
-1
-1
-1
11557411
-1
-1
-1
-1
11524594
-1
11032266
7044394
5157129
2039040
10096839
5846395
-1
6535659
7339799
7339799
4303764
4221712
-1
-1
217431
5272020
-1
906696
10523543
10047623
-1
2482156
-1
5862824
2006240
9949165
-1
-1
5994117
11606679
8406536
-1
-1
1513919
4714065
-1
-1
1825732
-1
10654852
11229238
-1
-1
5518213
873901
6896739
4238155
-1
-1
-1
-1
-1
-1
-1
-1
-1
-1
-1
-1
-1
-1
86190
644164
-1
-1
5419769
-1
-1
-1
3089411
-1
-1
-1
-1
-1
-1
-1
8997379
10064095
8931735
6552143
8045544
972405
-1
10261033
1546792
2892496
3319180
-1
-1
4024859
-1
-1
-1
-1
-1
-1
-1
3893579
2662755
-1
-1
-1
8784062
3713063
4336682
-1
-1
-1
1743749
5124416
6502940
3368440
-1
-1
11442656
1924277
-1
8521501
8521502
1628883
-1
266772
-1
266774
-1
-1
2022754
2383796
8652800
3122294
2252511
3483335
6273205
-1
-1
4435180
7307105
-1
-1
-1
-1
-1
-1
10146216
-1
-1
-1
-1
-1
-1
-1
5272157
10901131
-1
-1
-1
-1
-1
11344234
-1
7602528
2121255
6502993
8570778
-1
5813734
-1
-1
-1
3893651
-1
-1
5666042
-1
-1
5239359
10392414
-1
4517278
3417742
-1
-1
-1
-1
-1
6929702
4287532
53493
6371730
10819113
2022818
-1
9571880
2203342
-1
-1
4139843
7011768
4779874
11541206
10868357
10835531
-1
2498750
9440603
-1
-1
-1
-1
-1
10310393
-1
-1
-1
-1
7996447
5518387
-1
-1
-1
-1
9457032
6847684
-1
-1
9079583
-1
-1
-1
-1
-1
-1
9342166
-1
10474527
9178058
10966857
1350014
-1
-1
6289728
9391407
6519484
10162727
11229443
-1
8767795
3467043
-1
-1
-1
-1
266903
-1
-1
5452782
4747110
10146330
-1
595130
-1
-1
11738202
5239447
10638667
11360752
-1
-1
-1
-1
10884838
4123506
-1
-1
3614769
8472426
3073208
-1
8209853
6601575
-1
-1
-1
316167
-1
-1
20772
-1
10966911
-1
9752499
-1
-1
-1
-1
-1
-1
-1
-1
-1
-1
-1
4271237
1579834
9391469
-1
-1
1432139
3614803
-1
10835645
5485659
-1
-1
-1
8636576
11541323
283378
1415739
4369719
299791
9096090
8390415
10753603
6256989
1202401
7651927
-1
710076
-1
1054709
-1
10507447
3450718
10113584
-1
-1
-1
-1
-1
-1
-1
8488904
-1
-1
7422192
11590586
-1
-1
-1
2433253
4747204
5616989
595224
5961620
8554561
-1
-1
-1
9851034
4336939
-1
-1
-1
-1
2170692
4894919
-1
-1
-1
-1
-1
-1
-1
-1
6371918
6618084
11590617
3959501
-1
7159651
-1
-1
4862114
-1
-1
-1
7750454
7077604
8964870
4451843
5157518
10392630
-1
1218883
-1
-1
135760
-1
10425459
-1
8571018
-1
-1
-1
-1
-1
1054786
907087
3532849
-1
316295
-1
4501102
-1
-1
-1
-1
-1
4156477
-1
4090835
8603860
10097262
-1
-1
-1
3319524
5387310
-1
6683782
-1
-1
8013076
-1
-1
-1
-1
1662024
-1
-1
-1
-1
-1
-1
-1
-1
152221
3040558
-1
-1
10343456
5863254
5420158
-1
-1
10425516
-1
11147602
-1
-1
9801903
-1
-1
4320632
-1
-1
-1
-1
11820464
3221100
-1
-1
7783362
-1
2778009
-1
-1
-1
-1
-1
-1
-1
-1
11754835
8833678
-1
-1
-1
-1
-1
-1
-1
-1
6847956
1005640
-1
-1
5223271
-1
-1
5223274
5896126
4944288
-1
11607157
8062382
3434481
-1
-1
5535092
-1
-1
-1
10294286
-1
-1
-1
-1
-1
11262541
-1
-1
-1
8948594
2745237
-1
-1
-1
2581131
4386342
2384201
6486952
7340323
-1
8046000
8997839
-1
-1
-1
5321779
628234
5436658
-1
-1
-1
1563666
-1
2302163
-1
-1
-1
8571169
5617190
-1
-1
10967179
7619336
10868715
-1
-1
-1
3401714
-1
-1
9129156
185162
-1
-1
-1
10130232
-1
-1
-1
11492349
-1
9900484
-1
-1
-1
-1
-1
-1
-1
-1
-1
3155573
-1
-1
-1
9769210
7307561
-1
-1
-1
-1
5535178
-1
-1
-1
-1
-1
-1
70322
-1
1120628
9293306
11443149
10442078
-1
-1
-1
-1
-1
-1
-1
-1
9030742
5600844
10540556
-1
-1
-1
8620473
1104236
6503456
-1
9900535
3122793
-1
-1
-1
-1
-1
4977242
5568038
3040746
1284769
-1
-1
-1
5453168
-1
-1
8571261
-1
4402869
6864519
2581250
10474942
2466375
10507763
-1
-1
5223427
-1
4025426
7094284
8751795
11311913
1202738
10557008
3352581
3615154
-1
-1
9260545
10179561
11065756
2335104
4452124
11820666
-1
-1
-1
644779
2958731
-1
-1
-1
4517780
5617318
8357956
1268403
5174224
-1
6405051
2318713
5715791
-1
-1
-1
3894174
2696172
2138198
6831743
7012264
-1
-1
-1
8998003
1252012
4484979
1842807
11213492
2400786
-1
2581309
-1
6864582
-1
4386523
-1
-1
4796801
-1
6979466
-1
-1
-1
-1
-1
9391889
-1
-1
-1
3237768
-1
-1
415079
-1
-1
3549583
2630568
10163217
497140
-1
-1
8636999
-1
2843918
-1
5026583
10950955
-1
-1
-1
-1
-1
6913855
5666620
10918140
-1
6848215
7521066
9457564
5305584
-1
-1
-1
-1
-1
1022319
8407269
-1
-1
-1
-1
-1
-1
7471850
-1
-1
-1
-1
2368034
-1
251017
5929224
4058371
8866794
-1
-1
-1
-1
-1
-1
-1
11394097
-1
9802232
4386603
7291351
4813291
9457605
-1
-1
7274945
1186465
6815439
11164353
7603169
8440126
-1
-1
4846125
7734461
-1
-1
-1
-1
-1
-1
-1
-1
10754095
8046281
2466542
-1
-1
11082320
-1
-1
-1
-1
-1
-1
4140474
-1
-1
-1
-1
-1
3877904
-1
-1
5305664
-1
1957822
5207200
-1
-1
-1
-1
-1
-1
-1
1153692
11147991
-1
-1
-1
8029906
-1
2368113
4189735
-1
-1
-1
8801230
-1
-1
-1
-1
1268586
9933594
-1
-1
-1
2121963
8473021
3746654
-1
5601099
9474095
-1
5502636
-1
-1
3795895
4862611
6503711
3040992
2121976
2762002
10754165
9424875
8571504
7439144
-1
-1
234720
6454490
4042074
1596836
-1
10918286
10836232
-1
-1
-1
6897596
-1
-1
4714936
4796992
-1
169092
-1
-1
-1
10048518
2630747
-1
-1
8489477
5059579
-1
-1
-1
2483056
-1
-1
4173392
-1
5716028
-1
-1
-1
-1
-1
5223704
10803445
9671085
11870162
-1
4337515
3730309
6782754
4025709
5141658
1564056
-1
-1
-1
-1
-1
-1
-1
3910842
-1
-1
-1
-1
4222656
-1
-1
-1
6372501
-1
-1
10261911
4993981
37859
5551955
-1
9589065
-1
-1
10934770
-1
-1
-1
1038941
9359319
-1
1038944
-1
7340770
2745691
10360395
-1
-1
-1
-1
6454583
-1
9096756
7636178
-1
2909812
-1
-1
-1
9950135
8670078
1728226
-1
-1
-1
8817782
1514887
5076076
-1
9999378
-1
-1
-1
-1
4419643
11738949
-1
5945869
6241268
-1
-1
8227002
10081445
7291577
7094646
5765356
4271952
8407526
6503854
-1
-1
7833148
-1
-1
5240213
4994049
-1
-1
-1
-1
10179930
10114287
10918427
8883461
-1
-1
7521354
10015827
645147
11148188
2483178
842080
-1
2204197
8227035
9605560
-1
-1
-1
2450368
-1
-1
5305885
-1
-1
-1
-1
-1
-1
-1
-1
3861726
809280
-1
-1
-1
7127520
2499619
9260952
7504975
4567407
6142865
11542084
-1
7898845
1252391
-1
-1
399022
-1
1744726
743656
-1
-1
2795034
6011591
11492866
464675
-1
-1
10393333
1055474
-1
-1
-1
9654843
1941673
-1
9490736
2105787
5470042
5076178
-1
-1
-1
-1
9113291
-1
-1
10852860
5699807
2351964
7948116
5043369
4140766
8522504
5880332
8046587
5945979
2434027
3238158
4222828
7390148
8817910
7324503
-1
7652732
7160402
-1
-1
-1
4157194
10885705
8046603
3566400
-1
5535723
5273148
7455811
-1
-1
-1
678073
-1
1236049
9868236
8325601
2417642
1465807
11574984
2713039
9720543
-1
-1
-1
9605670
11739100
-1
-1
10934965
-1
11099077
8686660
-1
-1
-1
-1
5010602
7488663
5223947
-1
-1
-1
-1
-1
-1
-1
-1
-1
-1
-1
-1
-1
5207550
3829027
-1
-1
11460145
-1
-1
1794069
-1
10656011
-1
-1
-1
-1
-1
-1
-1
-1
9638538
10869364
6454806
1843316
3303896
11213999
9244680
-1
-1
7029198
11263237
-1
-1
7144079
-1
-1
-1
-1
-1
11706343
-1
7423074
-1
-1
-1
1121254
3763425
2959288
7997466
5240419
1383835
9228291
3533678
8604672
5315
7029224
7488731
-1
7275392
8867260
-1
-1
-1
-1
-1
-1
9671406
-1
-1
-1
1219745
-1
2992135
-1
-1
-1
4173731
4026032
3615759
-1
-1
5043519
-1
-1
1219759
-1
-1
-1
-1
-1
7964686
-1
-1
7702113
1170535
-1
1318237
4337862
7964694
4616850
7997514
6618995
-1
-1
2877290
-1
9261171
2155209
-1
-1
-1
-1
-1
2565490
-1
5946158
-1
6996464
-1
-1
-1
-1
5782055
-1
8998613
5503071
11624373
7652911
-1
6110282
-1
2811673
-1
-1
5535902
5700013
8342185
5962591
-1
-1
5535908
1974722
1843434
-1
-1
-1
8391428
-1
-1
10409984
-1
11575167
7702172
-1
10951552
-1
-1
3221974
8768893
727504
-1
8637608
1383946
-1
-1
1187018
-1
2434256
-1
10524881
5896979
9835621
2910180
7915533
366477
7144221
4698983
-1
120316
11246975
-1
-1
3090711
-1
-1
-1
-1
-1
-1
-1
-1
-1
284440
8703283
5076454
10147454
9244850
11542391
5240568
-1
-1
-1
-1
8030443
-1
8998694
-1
-1
-1
-1
9491029
8933055
-1
6340120
5503160
6323711
10771090
8260210
11591640
-1
-1
-1
5995498
5667278
7111446
6980161
5535994
-1
9310526
3139991
-1
-1
-1
-1
-1
6865294
-1
-1
6307323
10607006
8128946
7817138
9786459
11082928
6881714
8719747
842467
4157489
5815000
891704
6602733
9638756
-1
8145370
-1
4928816
6422217
-1
-1
1449688
-1
2647693
-1
-1
-1
-1
-1
-1
891723
-1
-1
-1
-1
4994478
8243857
8900298
-1
3632369
-1
-1
-1
7242793
8128988
9901375
2795415
4272405
6980222
8933129
2467198
9097241
5601702
10607058
7702312
1745114
-1
-1
1777945
-1
10163968
-1
11329151
-1
-1
3714450
3189298
-1
-1
-1
678420
5570
1794368
3730867
4485776
10705546
7702330
-1
-1
-1
-1
-1
-1
-1
-1
-1
-1
-1
-1
5798671
11247124
-1
-1
4173986
-1
11526116
-1
8440850
6963861
3714484
11148667
7751592
10442996
4994544
-1
10164013
9901437
-1
10196838
1055912
-1
-1
2024164
4075539
10262487
-1
-1
-1
11165097
1400552
-1
7390570
1252856
-1
-1
-1
2270343
3090894
4567885
-1
-1
1958539
9409134
-1
990293
-1
-1
-1
-1
-1
6553628
5224337
4863297
-1
-1
4666368
4797657
-1
4945358
-1
-1
-1
-1
-1
-1
-1
9934310
7275729
7013154
9819435
-1
-1
-1
-1
4863319
10147662
-1
2024219
1860110
9835857
10459476
6520837
5060258
11723125
6602895
2729895
4928971
6373144
3796610
4059195
10869750
5322844
-1
1482672
8506581
-1
-1
-1
-1
-1
10607195
-1
10919006
-1
-1
-1
-1
-1
-1
5043875
8047089
5273631
4748477
-1
-1
-1
-1
-1
-1
11821628
6422410
7587592
5142352
2500180
-1
6602936
-1
-1
-1
5798801
-1
5027486
2795591
-1
-1
-1
-1
-1
-1
11345729
-1
-1
3058177
4305414
-1
6061393
9163073
4272596
9015375
6291151
2155580
9852339
7571211
3353586
10919058
8998967
8293291
6209104
6274749
-1
-1
2746387
3484883
9212323
3468474
2237650
9130267
-1
-1
-1
10180579
7751751
4305442
432448
5700379
-1
9327213
645795
-1
1417114
-1
-1
-1
-1
-1
-1
11362187
-1
-1
-1
7226619
-1
-1
-1
-1
-1
10820634
-1
891981
-1
6438901
3731087
-1
6061451
-1
-1
-1
10016506
11329387
9524178
9704697
-1
-1
-1
11132461
8260537
1942303
1285864
6176341
11772495
-1
-1
-1
-1
-1
-1
8818522
11378638
4453198
-1
-1
6159945
1942319
7522060
-1
7997981
7046143
9507794
-1
1827449
-1
-1
-1
-1
-1
7751826
-1
-1
7538486
-1
-1
-1
-1
-1
580228
3091112
-1
-1
9983735
7981594
1367961
8326227
4289122
-1
10869935
1072568
-1
1072571
8687276
-1
-1
-1
-1
5060450
-1
9704765
4436835
2319816
-1
-1
6406159
5257389
7768273
-1
-1
-1
7866744
-1
-1
-1
-1
-1
-1
-1
-1
9146811
-1
5651270
-1
777205
-1
-1
-1
-1
7456487
-1
-1
-1
-1
8851427
-1
-1
-1
-1
-1
7833951
-1
-1
-1
2976299
-1
-1
-1
-1
11001283
8785799
4600994
10869997
-1
1712662
-1
1991651
-1
-1
563897
-1
4322018
-1
-1
-1
-1
-1
-1
6553921
-1
-1
-1
-1
4650250
-1
711612
-1
2008083
2730168
-1
-1
-1
11510057
-1
-1
-1
-1
2730177
-1
-1
-1
-1
-1
-1
-1
11345960
10591055
7834006
6225729
10689520
3140465
-1
-1
-1
9393060
10213610
-1
-1
-1
3189707
9721286
6143689
9573589
-1
2401984
2418396
2779438
4420537
1794781
284970
8720225
-1
2352759
-1
2598926
10459796
-1
-1
-1
2648164
-1
-1
-1
-1
7522236
-1
-1
10033122
11690634
-1
-1
7751997
6389885
-1
-1
8408441
8145866
11789108
9475158
-1
4223641
-1
-1
1253253
-1
-1
-1
-1
-1
-1
-1
-1
-1
3977489
1318908
11313206
-1
-1
-1
-1
-1
-1
-1
-1
-1
8375649
-1
11510152
7702801
-1
-1
5356031
-1
-1
-1
-1
4912939
-1
-1
9639310
1926141
6455577
8277197
-1
-1
268635
5963253
-1
5618624
4896540
4256513
5273995
6816631
4732434
-1
-1
11231194
4207287
-1
-1
-1
-1
-1
-1
-1
-1
-1
-1
-1
-1
-1
-1
10804524
-1
8769562
-1
4453471
-1
-1
-1
11526616
-1
2287225
-1
-1
662539
-1
8063902
-1
-1
-1
2221590
-1
-1
6636152
4650421
-1
2188774
1138471
-1
-1
-1
4420675
10624034
7965451
-1
-1
4650434
9048582
-1
-1
-1
9261930
1876981
9967605
10033250
9048591
10246591
8375742
5421762
11116377
10279421
5782807
7013634
9475285
11444606
8244450
-1
1450310
-1
-1
252310
5930517
-1
-1
-1
2352923
-1
6537730
-1
9803521
7177762
11772842
7653683
2517040
3797098
285141
-1
-1
-1
1056468
-1
1581622
-1
3009381
1663680
-1
-1
7013669
7604466
4355089
-1
-1
-1
10509218
8621954
1007251
3419666
367224
11543116
4223809
1122126
7210607
1499582
4043287
2549894
-1
-1
-1
5159247
-1
-1
-1
7620901
11313376
8063998
-1
2615550
4880269
2188866
11444671
-1
10197437
7489623
514949
-1
-1
8047601
4863868
4732581
-1
-1
-1
-1
-1
-1
-1
-1
-1
-1
9097918
11165705
-1
-1
-1
-1
-1
9524611
11477521
10525684
-1
-1
9934891
-1
3337671
-1
-1
-1
9360512
-1
-1
-1
-1
4076175
-1
-1
4896728
908856
-1
1302722
-1
3961306
8375865
908862
-1
8901021
-1
9442586
3616682
-1
-1
-1
5799349
-1
8835386
10952406
-1
-1
-1
8802569
-1
-1
-1
-1
9459014
1417625
-1
-1
-1
-1
-1
5569614
744780
8474363
7555345
10164695
-1
-1
4273152
5454745
-1
2599233
8917469
5503981
4781897
-1
6751221
6849688
11313481
4273163
3879300
-1
6406596
7276380
4388045
8195397
9376989
-1
1450480
-1
-1
-1
-1
-1
11149387
4306001
9147247
5618882
9738044
11264269
10525775
6997406
-1
-1
154027
7325635
6800483
-1
-1
-1
-1
4880402
1122283
7850793
-1
-1
-1
-1
-1
4568601
10854015
1023827
4273206
11690975
7850806
11658159
9163688
-1
6570752
11740218
4043460
8441606
11510465
2402363
-1
203291
-1
4896839
-1
-1
-1
-1
-1
-1
-1
-1
2878295
-1
7374911
6209731
4158356
9130891
2812656
-1
-1
-1
1335671
4749160
-1
-1
-1
-1
5372783
4864043
10903290
11707430
-1
-1
-1
8179071
9475541
-1
-1
5602548
-1
2041363
-1
1680323
465910
6193348
-1
-1
-1
8343195
6029245
55641
10246874
-1
6094893
-1
-1
-1
-1
3419905
5799500
11362829
11116667
11576176
8014986
154118
2500889
8458090
1089545
7095977
3469145
-1
7063160
8162698
-1
9721745
-1
-1
1171617
5110258
3633267
5340013
5848756
8474517
4716399
10804881
8556571
2205519
11133104
8228358
7194464
11526971
-1
-1
-1
-1
11494154
-1
9508425
8622232
7407817
6652914
-1
-1
-1
-1
-1
-1
4191271
1335758
9606901
-1
2336832
-1
-1
5520569
9524854
3485607
-1
-1
-1
3419967
-1
-1
2550187
6488828
4535919
10000784
794212
3009698
1483478
5963679
252655
9541282
9590516
2254798
-1
4486698
7325801
4552343
2648669
-1
-1
-1
-1
5701120
6882713
10575188
-1
-1
-1
-1
-1
3042546
-1
9098207
10509554
4060032
7309408
7818153
-1
-1
-1
-1
-1
-1
-1
5766786
4897004
-1
-1
3108208
9196690
5438572
9951598
2484593
-1
-1
1303005
7818172
-1
-1
-1
-1
10640870
-1
2107152
4158528
10000845
10214189
4946257
1237369
10558823
-1
-1
-1
9639811
7046874
8671564
1959465
2927716
5389367
3206705
876344
2074345
433249
8228475
6374033
55799
6981239
4979099
1024051
7883850
7818200
11707610
-1
1253810
-1
-1
-1
-1
-1
9377261
3141082
7736163
7243833
515325
4995529
9278800
11297355
11592752
-1
3272379
8901353
9705491
4453973
1499995
4503208
449693
-1
2648769
-1
367642
-1
-1
-1
6571004
11363017
-1
2550312
4536043
-1
-1
9902444
10805050
6144327
8376224
10509655
1385140
7522853
1680540
1565663
-1
-1
10903526
9246015
-1
23036
-1
-1
4683763
-1
6390509
6620263
3617052
8884984
8835752
8080845
1696969
1073352
-1
-1
318449
-1
1188234
4880709
-1
7440828
6932088
-1
8441902
4979182
1861091
5258169
1992383
3715538
-1
5405874
7063386
-1
6932100
-1
663100
-1
4847907
-1
9590688
-1
-1
-1
1450836
3256046
1861113
8540391
7621376
7687021
3239640
1188264
8343464
-1
11625666
-1
9180429
-1
-1
-1
-1
-1
-1
-1
2238584
8802984
-1
220034
6078761
6833668
1040587
-1
-1
5405916
-1
-1
-1
-1
-1
-1
11313883
-1
2534000
-1
2041672
-1
5176175
1746277
-1
-1
843675
-1
10509756
-1
3814070
4503333
3764838
7342438
7506549
-1
5684930
-1
-1
745222
9771273
11527250
-1
5635704
9098425
4765922
-1
-1
3239703
-1
8491225
-1
5635713
-1
6029579
-1
5586484
-1
6456269
5619309
7260410
-1
-1
-1
-1
-1
6259345
9098449
7342473
203689
6062413
4093098
3174083
8967165
5241871
1040654
2189418
5668560
3584352
-1
-1
-1
11100606
9820548
-1
-1
5373171
11117022
9689265
9311813
9361048
-1
-1
-1
1582238
3387448
6046032
-1
-1
-1
-1
4470581
-1
9787747
203723
-1
10132381
6948648
3699270
-1
-1
-1
3879796
9000029
-1
-1
-1
6587616
-1
679658
-1
3092077
-1
-1
7834859
-1
-1
-1
-1
1057121
-1
-1
-1
10427806
9016461
5898371
3124911
-1
10641154
4273686
-1
6111721
-1
-1
8261565
-1
-1
11625823
-1
-1
-1
9393931
11281197
-1
-1
-1
-1
-1
10657585
6784589
11018629
1565894
-1
-1
-1
-1
-1
10854526
-1
-1
1451026
4848103
9131374
11625849
1746425
597658
-1
9229847
-1
-1
-1
1270516
2041833
-1
5520968
6653327
6702562
-1
9738599
1090003
5865605
10263754
10148875
6243061
958720
-1
-1
-1
-1
-1
-1
-1
417165
9016529
-1
8015461
-1
-1
-1
-1
-1
8688318
9426814
-1
-1
-1
-1
-1
-1
2353680
8310874
-1
-1
-1
-1
-1
5242023
4503528
2435743
663357
11576673
1024401
-1
5570250
10230975
-1
8442178
4634827
6013350
9361197
-1
-1
-1
-1
-1
-1
-1
-1
1664447
-1
-1
-1
-1
-1
-1
-1
1385468
4224572
-1
-1
-1
3797890
-1
6407241
-1
-1
8754017
-1
-1
-1
-1
-1
-1
10903865
2140392
1467542
5110785
8573505
-1
-1
-1
-1
-1
-1
-1
4044079
3371229
-1
4290247
-1
8048368
10887472
7933493
8540701
1172162
-1
-1
-1
7654512
1762964
-1
1303458
-1
-1
5603143
-1
11100830
-1
7293480
7227837
9984884
2353772
10920315
2041965
11757276
466511
499334
2370189
6554993
4109754
11790104
-1
-1
-1
-1
7785827
9787970
-1
1451184
-1
-1
-1
-1
-1
4733390
-1
10116200
7145810
7260688
7424799
9508993
9328477
335248
-1
-1
-1
-1
-1
-1
9820815
6702726
-1
10362381
-1
-1
-1
-1
8622820
-1
-1
-1
647078
3125140
-1
2911799
-1
10559327
6308878
5307809
-1
-1
-1
11330650
-1
2042026
3715949
-1
9541856
11084491
-1
-1
-1
-1
7178678
-1
-1
4864730
-1
-1
-1
-1
-1
-1
-1
9771627
9443407
5291426
7424854
-1
-1
8557219
4273949
-1
-1
-1
8343881
2058469
10067036
-1
-1
7605391
-1
-1
7375640
7999259
11658913
138392
794833
6440218
2042070
4831942
2501581
5947890
4290382
6276110
1976433
942541
3502655
8327493
236871
-1
-1
4914009
7227960
-1
8212623
-1
-1
3814478
-1
-1
-1
9738853
3240097
-1
-1
-1
-1
-1
10789164
1139497
1172318
-1
-1
-1
-1
-1
-1
-1
-1
-1
-1
6637194
-1
-1
-1
-1
-1
-1
-1
499488
-1
-1
-1
-1
11806672
3880160
-1
-1
-1
11084593
-1
3830933
-1
5521268
-1
-1
-1
-1
-1
-1
6440291
-1
-1
-1
-1
5472047
8573726
1681108
10460994
4979717
4569442
-1
5389999
-1
-1
8590147
-1
-1
11002567
-1
-1
7490616
-1
8573744
-1
-1
-1
-1
2715022
9427122
5849524
11478499
-1
-1
-1
-1
5275146
-1
4864873
9509187
11068231
-1
11757497
11511333
-1
-1
7523463
-1
-1
-1
-1
-1
-1
1073947
-1
-1
5094645
1894501
9427151
5324400
-1
6112132
-1
-1
-1
-1
-1
-1
-1
-1
-1
11330840
6981926
9689741
-1
827804
-1
-1
-1
6276260
6407549
-1
-1
-1
-1
-1
-1
-1
10887760
6883476
5143911
9771815
5554188
9230254
-1
3076131
-1
-1
-1
-1
4126440
1484270
-1
-1
1188875
2157125
8639471
2403292
10805722
7983034
-1
-1
1517103
1205295
7014789
11741159
7244546
9230278
-1
-1
-1
3617720
-1
-1
-1
-1
6145019
2994108
-1
5751158
9049770
-1
5390119
5209599
8081525
2780773
7080453
-1
-1
-1
-1
-1
7146106
483241
1188913
-1
-1
6030163
-1
696590
-1
-1
-1
-1
4930633
-1
-1
9164674
-1
-1
-1
-1
-1
-1
-1
-1
4668069
-1
11593513
1648448
8655946
-1
-1
-1
-1
-1
4914244
6768687
909960
9689848
3831121
7818996
-1
-1
-1
6604586
6982040
1024847
-1
630986
-1
-1
-1
-1
-1
9574987
6095856
-1
-1
1106915
7277452
2403386
-1
-1
-1
-1
-1
-1
1714131
187908
-1
2830082
253556
-1
11527915
-1
-1
-1
-1
11806907
5898948
138688
-1
-1
-1
8294959
-1
4815829
11823327
-1
4635311
-1
-1
-1
-1
-1
-1
-1
2075203
2075204
-1
-1
-1
6719521
-1
-1
3601434
-1
-1
1960337
11610006
434116
-1
-1
-1
-1
1599302
-1
-1
-1
-1
7162636
-1
-1
5636416
5718472
3978906
-1
-1
1008519
-1
1418796
2567567
-1
8065254
1730608
10855126
4586125
11675678
5570786
-1
4783061
-1
-1
8656060
3929693
-1
-1
-1
319277
-1
1993201
450568
6309296
-1
2206548
-1
-1
-1
-1
2222964
4257928
9246872
7129856
4815904
8114518
450582
516222
8459145
-1
-1
1697823
6785233
-1
-1
-1
10116671
3355340
9509464
-1
-1
-1
-1
5373899
2797372
3995375
10609011
8295061
-1
-1
2042473
2912257
10297208
2321463
-1
-1
-1
-1
-1
10182338
10707490
-1
-1
7064252
-1
10346454
-1
-1
1747093
3224084
-1
-1
-1
-1
8820240
2419951
-1
-1
-1
-1
3798480
-1
-1
2419959
-1
-1
-1
-1
-1
-1
-1
-1
-1
-1
9640810
-1
5472418
-1
-1
10838818
-1
5685766
9050022
6883771
-1
-1
7655091
-1
-1
-1
-1
3601579
-1
-1
-1
7343291
8442829
3946215
3371832
8984395
-1
-1
1090707
8853111
-1
-1
7097137
-1
-1
-1
253754
-1
-1
-1
8131038
565568
-1
-1
-1
-1
7819235
352231
1304068
8114635
-1
-1
5636578
1238430
-1
-1
-1
-1
6916642
4766802
4356527
6703301
-1
-1
3355461
-1
-1
-1
-1
-1
-1
-1
-1
8442880
8262360
-1
-1
-1
10510671
5702248
-1
-1
-1
-1
-1
-1
1353341
6670506
8196730
1599508
1927726
6342290
7852102
-1
-1
-1
-1
-1
-1
6145366
-1
-1
-1
-1
-1
-1
138947
-1
-1
10691223
-1
-1
-1
-1
7326973
-1
4504283
1468248
4651984
4504286
8902435
5849990
2813956
10724057
10904579
6457201
6506435
7294163
2830373
1501082
11626669
5538188
9640941
10888166
11659481
352314
4422245
-1
-1
7983438
6194640
4996638
6637738
-1
-1
-1
89754
-1
-1
-1
1533926
2009846
5587445
-1
-1
-1
-1
-1
-1
7606005
3043747
-1
-1
9919960
270292
467226
11003089
8311686
8410152
9378402
7967058
6965988
10182545
3782250
5800810
9394820
-1
4947441
-1
-1
3191467
5882871
-1
-1
-1
4241776
6966003
3618159
4291009
7212171
10084096
-1
-1
9181495
7589628
-1
-1
-1
9854351
6572152
5144394
122631
-1
-1
-1
11610335
-1
3470481
1878615
1419108
2157604
2453001
8131208
-1
-1
10707740
6112661
9345627
-1
6621405
-1
-1
4553622
6112667
-1
-1
-1
7934293
9345640
-1
6588594
2059159
-1
10674936
-1
-1
-1
-1
-1
-1
11807302
-1
11446262
9362066
-1
-1
5128031
11758076
5800884
-1
-1
6178340
9920049
-1
-1
2075594
-1
1632499
9230792
11446278
5095223
2732036
10395978
5407034
5078812
-1
664259
4963941
-1
5882960
7770225
1599689
-1
6687103
-1
-1
8804125
-1
4209047
11676053
-1
-1
10034956
-1
-1
1058142
2535133
-1
8787726
-1
3207988
-1
-1
844807
4389584
6506604
11610426
7261511
-1
894046
6129156
6211210
-1
10773472
-1
746353
-1
5062448
4865517
11495562
5669657
-1
-1
-1
-1
-1
-1
-1
-1
5800955
910478
-1
-1
910481
8558008
5784550
9033929
-1
8131326
-1
9723195
-1
-1
-1
2781346
-1
122766
-1
-1
-1
-1
-1
910500
9230878
5948678
-1
4077827
-1
-1
3487034
795630
7212333
2535199
-1
-1
-1
-1
7671847
-1
5144555
2321863
-1
-1
3454226
-1
-1
155618
-1
-1
6670788
-1
-1
-1
-1
-1
11347929
4586598
5259449
1895195
4143504
5751782
-1
7146720
10527387
4438906
-1
6506695
9969417
1091067
11495642
-1
9312981
11265891
-1
-1
-1
6441061
1452118
-1
-1
10182773
4668677
-1
6244136
11249492
-1
-1
-1
-1
3684026
-1
11118211
-1
-1
-1
-1
4176363
7195987
-1
4274832
-1
7491390
10511015
10314084
3684040
-1
-1
-1
-1
-1
-1
-1
-1
7524224
3831750
11626974
-1
5998005
10790017
-1
3602002
3651236
1763971
-1
-1
-1
5374396
11528522
-1
-1
-1
5719032
11446471
10314114
10675157
385458
-1
7852468
4356926
-1
-1
779331
11085440
-1
3979479
1353720
-1
-1
11659831
-1
3946663
6277025
-1
-1
-1
4832862
-1
-1
-1
-1
1731188
-1
-1
-1
5981641
-1
-1
-1
894235
8673050
5686248
-1
-1
-1
-1
9460784
-1
-1
-1
-1
8902815
-1
1534278
-1
-1
9985946
-1
-1
11823981
-1
-1
-1
10461872
-1
2748704
-1
-1
-1
11413716
2863586
11183964
-1
-1
5850392
-1
-1
664519
10445475
7475086
-1
-1
-1
8574627
7672023
-1
1452256
11282446
2141520
3142592
-1
8722334
4422653
-1
-1
10527548
8279242
-1
-1
8820808
7524340
-1
-1
-1
3159018
7114070
4045212
7868978
484029
1238936
3191846
7311001
7967444
10511149
8016684
-1
-1
10822968
-1
8673129
7491538
-1
1796923
-1
5029892
5407346
2010270
7606422
877913
-1
6572532
-1
-1
6949988
-1
2880062
10215780
254304
8476216
-1
4586811
7507969
-1
-1
-1
-1
-1
-1
5801233
-1
-1
369195
6671020
-1
11315335
2404162
254323
11659969
6129459
-1
8213662
10166571
303560
-1
-1
8394188
-1
9559371
-1
-1
-1
8115207
-1
-1
2420593
11381000
812317
3700654
-1
9263985
-1
-1
-1
-1
-1
-1
10511228
7557249
-1
-1
-1
-1
4586863
-1
-1
2896533
2108806
9789155
2880125
9641458
-1
10790230
5587944
-1
1321086
1862650
4504822
11807718
4537643
-1
-1
-1
-1
-1
8853745
-1
-1
11397453
3142721
5653604
320031
4783822
-1
5440266
6687502
1928314
1747793
10905130
-1
-1
9854832
10183053
2469884
4718189
-1
-1
4865894
-1
-1
-1
-1
-1
11676465
4225872
-1
-1
-1
8689668
7147035
6933693
-1
1583709
1616532
-1
-1
-1
-1
-1
-1
-1
-1
10576947
7376802
7015760
6539841
7048586
6014691
5965462
7015766
1944761
5784941
41093
7015768
-1
-1
-1
-1
-1
-1
-1
-1
-1
4242322
7984031
6113177
-1
1846320
-1
8164557
9936946
8246612
2896626
599086
5817789
3306906
-1
-1
-1
5259820
9313338
24713
3946942
-1
-1
5473169
385760
763213
11446776
9313347
-1
-1
-1
-1
-1
11725770
2617666
-1
7672256
4669044
7409682
9641576
10314431
8131769
615531
57558
8509221
11233448
8033304
7114293
2568446
2108940
1058626
7524572
7655861
681185
5341912
566312
11151408
7885617
3897747
2634102
-1
10117520
4652658
4915235
3635176
730429
2666931
4012634
1764328
8181030
2863867
10462161
5883493
1928443
9001582
10987312
-1
-1
-1
-1
-1
8574906
-1
10281652
-1
57601
-1
-1
4061888
-1
-1
-1
-1
-1
-1
-1
-1
-1
9953447
-1
-1
-1
-1
-1
-1
-1
-1
3093658
8689810
-1
1830014
11545327
9379075
-1
5506082
7376937
-1
-1
10888894
10068345
1255639
5522500
960242
254566
-1
-1
9592433
-1
-1
-1
-1
-1
2699819
-1
-1
6277420
8246741
-1
2207495
9920666
6425124
8213922
-1
-1
-1
-1
3536794
-1
-1
-1
-1
-1
-1
-1
10101202
2502910
9887861
-1
-1
11840773
8837561
7196461
730528
-1
-1
-1
9149376
-1
7508278
8919625
-1
-1
6129758
6047703
-1
-1
2798329
336679
878244
4061979
3865048
2109069
7409826
7508293
-1
-1
7573940
-1
2781930
-1
7754465
5555391
7787287
4718433
-1
-1
11742344
-1
-1
3635313
-1
-1
-1
1157256
7935000
-1
5128721
5752340
-1
8509390
-1
11742359
10954632
-1
1616775
-1
-1
8197589
2256807
-1
-1
-1
5407724
-1
-1
-1
7442692
-1
-1
-1
-1
8361713
3651756
-1
-1
9855118
11529040
-1
4554368
-1
2995325
3504067
2486586
-1
-1
7327834
-1
-1
10708503
9559734
9986420
-1
-1
-1
6343183
8197627
1797337
2092737
6441652
3618962
5867265
-1
-1
-1
-1
2798418
-1
-1
1813761
-1
6966817
-1
205487
11512667
-1
-1
-1
-1
4127722
-1
6458086
-1
-1
-1
1567612
1961477
10938294
5670365
6523737
11660378
6638611
-1
6228344
9116681
-1
10068521
9461315
7377117
-1
-1
1009654
-1
6802739
-1
-1
-1
-1
-1
-1
-1
11758869
-1
-1
-1
-1
-1
-1
-1
-1
-1
-1
-1
2142035
7754597
6490950
-1
9658277
10265484
-1
3126702
7163809
-1
500945
-1
-1
-1
-1
-1
-1
-1
7918725
-1
-1
-1
-1
-1
-1
2404636
-1
-1
-1
7590516
993295
-1
-1
11561982
8378248
1419986
3815991
-1
-1
-1
8919818
9149572
-1
-1
-1
-1
-1
878435
10134240
665093
6999741
-1
7689005
-1
-1
-1
9330109
11758938
10068605
4849908
-1
3701141
8197756
-1
3848843
2289798
-1
-1
8673681
763580
4538111
-1
3537042
-1
-1
5539187
5440722
3208827
4209899
-1
-1
-1
-1
-1
7278762
-1
1961600
5030458
3848867
6491039
8952688
10856366
-1
-1
-1
-1
-1
-1
-1
2207778
-1
-1
4538143
6359765
-1
6409000
9248104
2027264
3356557
-1
-1
-1
-1
-1
11791817
1206723
7180328
8443974
10150721
-1
2732951
8460391
829277
-1
8608093
6934171
7459324
5851048
140020
763640
9773280
5785406
6983412
-1
-1
-1
1485731
-1
9904576
1190336
-1
-1
9445072
-1
-1
-1
9527131
-1
-1
3914572
-1
-1
-1
-1
-1
11151829
402625
5490034
3176083
6556753
6917792
1994491
1584223
10167169
1781157
-1
1502172
11512883
1436529
-1
-1
-1
-1
-1
11168259
-1
-1
-1
3241750
-1
550348
9461522
7902478
2240683
11463665
-1
-1
-1
-1
-1
-1
11414441
5408016
599594
3963849
-1
-1
-1
4751582
-1
-1
-1
-1
8805104
10396972
-1
-1
3241779
-1
-1
-1
9494374
-1
-1
550382
8115854
5309574
2601759
8903583
3373074
4390558
-1
10380579
7426599
11037021
3537193
8739480
-1
3143334
-1
6671701
1157606
-1
-1
-1
4177234
2388436
11759118
2847943
-1
6310669
10479063
386300
10659586
2109457
-1
-1
5982456
501183
-1
-1
5818350
238611
11660666
1141217
-1
-1
-1
-1
-1
-1
-1
10068810
2093065
2142299
-1
-1
-1
3176196
-1
-1
4997820
-1
9067750
-1
-1
-1
-1
-1
7886164
-1
-1
-1
-1
-1
4833724
648920
-1
-1
895088
7525133
9445221
6934339
11627886
7278972
2454133
-1
4768092
-1
-1
1600772
10528356
4374233
4193712
2355681
1469489
3553687
6721009
-1
-1
4275775
3816268
8394937
9166256
1387443
6015346
6819485
8575459
10347853
2470574
6195872
1288984
3734224
9346779
-1
9412433
2076717
-1
-1
9560136
337155
2962914
501267
11742803
1223353
-1
-1
-1
-1
1010015
1026426
-1
6852334
-1
-1
4160933
-1
11742817
8493440
-1
1223369
6442067
7705714
7590840
-1
5621522
7377499
4587629
-1
-1
10807403
1042859
-1
10594063
-1
-1
1010042
9149898
6606195
-1
-1
-1
-1
-1
-1
2109588
-1
10774598
3685047
1371095
10101750
3602995
3750695
6721086
-1
3799931
2126009
10856663
8230904
-1
8247317
8821702
11283354
6573398
6573399
-1
-1
6228771
-1
7065734
-1
-1
-1
-1
-1
7393960
1371123
-1
-1
-1
-1
7082157
-1
-1
-1
-1
-1
-1
517764
5309776
-1
-1
-1
140316
10823878
2322981
616237
7016529
2470682
8936618
10905939
-1
-1
-1
10528490
10544902
9100735
10561315
10988002
7919143
-1
10544908
11710090
6130351
11677269
7640165
829601
9658720
3996925
6064713
-1
-1
-1
-1
-1
-1
5014416
-1
8362262
11578819
1042957
11398300
1551700
7361196
7344786
-1
-1
-1
-1
-1
-1
-1
4275937
10233131
3192813
1781466
-1
3537447
5277014
-1
-1
-1
-1
-1
6918120
1207093
-1
-1
7213522
-1
5211382
3816447
-1
-1
7016596
-1
8313067
8460767
5736541
4817527
1617383
10791132
8362306
-1
-1
8181788
5375508
6786854
5162164
-1
3160027
6737626
3849291
6589929
-1
4128281
-1
9839311
1157892
-1
-1
-1
3635958
-1
-1
-1
829681
3258509
468641
-1
-1
2782595
-1
-1
-1
-1
8969547
5375539
-1
8231055
10676295
5309897
11004517
-1
-1
7180757
468659
-1
-1
-1
-1
2979547
-1
8149014
8034138
10282445
3685225
2569277
-1
9839353
403028
-1
7180774
3586766
5654553
8674178
7180776
-1
222516
1371286
-1
-1
-1
-1
10479397
9527560
-1
-1
-1
583569
8411617
8657782
1207187
4883255
1453357
4210406
3307802
9626037
3242156
4587861
6868992
-1
-1
7804423
11168679
5129432
6294612
9314238
1617481
8149059
2405209
9560408
4850448
4817631
-1
-1
7312106
8493698
2520096
9544005
-1
-1
-1
4046324
2011361
-1
8624996
-1
-1
-1
-1
8477302
-1
-1
10052761
2027783
-1
-1
-1
-1
-1
1978556
3947877
-1
-1
8378850
11628228
255405
353874
-1
-1
-1
10807685
5884386
-1
-1
-1
-1
-1
-1
-1
9593280
1190849
7952180
-1
1437017
-1
10397425
4817686
7985010
-1
5113087
10561540
-1
-1
11858012
961109
1601139
-1
1699607
-1
-1
-1
-1
-1
-1
10348211
-1
11349284
-1
-1
-1
-1
-1
9035339
9987177
-1
-1
-1
8231205
-1
4079224
10676446
-1
-1
-1
2749938
-1
-1
9084587
7985051
3127396
-1
-1
-1
-1
-1
-1
2323264
4735681
9937970
-1
4144889
3964369
-1
1043213
3127411
-1
-1
-1
-1
9823104
3357171
9609763
8772803
8822037
7328635
-1
-1
-1
-1
-1
-1
-1
-1
-1
7541990
6737851
2618690
386796
3619764
-1
9133863
5950129
-1
1732505
-1
7903043
3997226
6557341
-1
-1
-1
-1
-1
8674368
-1
-1
-1
10889857
-1
3045401
-1
-1
-1
-1
-1
-1
-1
-1
2175627
-1
1371490
4883445
1190970
3586977
436064
-1
-1
3948024
8280528
8083598
7295870
9166726
-1
-1
8296946
-1
6114285
-1
-1
-1
11825317
-1
3980861
11710442
1076116
-1
11152472
-1
-1
-1
-1
-1
-1
9675489
-1
-1
1683335
-1
-1
7656942
4440386
-1
4932719
-1
10217063
7591304
-1
1026906
3127515
-1
-1
-1
11415074
-1
-1
5983036
-1
8100057
-1
6262027
-1
10299135
-1
288427
-1
222785
-1
8575986
9675524
5753296
-1
9839637
8690868
9872461
-1
-1
9773998
-1
-1
7377995
-1
1601325
-1
-1
-1
436148
-1
682315
1552099
1289524
-1
3521422
-1
-1
-1
3669125
7886753
-1
7919577
10397638
11349478
-1
6048727
-1
-1
-1
-1
3980946
-1
-1
-1
-1
-1
10266365
-1
-1
9544284
-1
1765472
8740148
304894
4653811
-1
-1
-1
6688779
-1
-1
-1
-1
-1
9560710
-1
-1
-1
8395533
10381265
-1
-1
-1
3127607
567491
3570705
9872531
10102283
6869316
6212875
2996326
173635
-1
10972075
-1
-1
-1
-1
-1
11497233
-1
8707365
-1
682388
3915355
-1
-1
3554317
-1
9527923
-1
4949256
2717361
11858289
3784075
6327783
2930708
-1
-1
-1
10348484
-1
304954
7657082
4440526
-1
616767
9019200
11119809
7410924
7673501
2011707
3406643
3619986
8871502
4539001
6918599
600366
-1
-1
6508330
4522600
-1
2307117
-1
10561852
10036701
6984256
-1
-1
11874737
-1
7575057
1978906
813727
8674597
1322466
4030286
2553297
9068465
-1
-1
-1
10561870
-1
-1
-1
6639645
7968937
8313569
10397767
8034584
11349607
3488739
9019240
9889031
-1
9331059
5835517
-1
10578298
6902235
6754536
-1
-1
-1
-1
-1
-1
-1
10840884
9347484
8789509
8953619
-1
173739
-1
-1
-1
-1
-1
4276495
-1
6853024
-1
9544430
3882636
8970047
-1
-1
-1
-1
-1
10676797
6278650
928665
4243688
4604731
1601515
10381405
945081
1650754
-1
-1
8691077
5343234
6409949
1601528
6754582
1125610
7148445
-1
-1
-1
-1
518410
2143100
6606893
-1
-1
-1
305073
-1
3652919
6623311
7164875
-1
7985427
-1
-1
-1
8149541
-1
-1
7050007
4046795
1027171
-1
-1
-1
-1
-1
-1
8280841
-1
-1
4407848
633319
5080699
-1
-1
-1
7985452
-1
-1
-1
9659378
1092837
-1
4670437
9839903
403579
-1
-1
-1
-1
-1
-1
-1
190244
7706483
-1
-1
-1
1043621
945156
-1
-1
-1
-1
9971211
-1
9167074
5523833
8182416
3702214
2914486
11070754
-1
-1
-1
-1
-1
-1
8855277
9232730
1158518
-1
-1
-1
-1
2126774
4785357
-1
-1
-1
6968024
1174942
-1
7247014
10873846
-1
8970172
-1
11825688
-1
-1
-1
-1
4161756
-1
-1
7624480
-1
3324800
-1
-1
-1
10562055
-1
-1
-1
-1
7312682
-1
-1
4079718
-1
-1
-1
-1
-1
-1
-1
-1
11005169
863171
-1
3488934
9117908
-1
-1
-1
-1
-1
-1
-1
11858553
-1
-1
-1
-1
-1
-1
2553523
42641
4293091
11152887
-1
2750460
-1
-1
-1
-1
6836804
9150756
6918861
-1
10873914
-1
-1
-1
-1
-1
-1
-1
6689117
-1
1929929
-1
5392652
-1
-1
59080
-1
-1
-1
-1
11530374
1519665
5573183
584240
5294197
6032689
6098335
-1
-1
-1
1388386
-1
-1
5392673
7903556
4851112
-1
2307409
-1
-1
8445126
-1
8051264
4752653
8560007
5737314
764784
-1
9331328
-1
6804036
-1
2799754
2931043
4309567
-1
-1
6246069
-1
-1
11481181
-1
-1
-1
2914643
10709869
-1
-1
-1
-1
9922146
4342407
7263566
4194710
-1
4834741
-1
-1
4736278
-1
-1
9807280
2126933
-1
10939642
-1
6590729
2422336
7591802
4670645
-1
-1
1224338
5786597
3981387
863298
2766972
5573255
10069873
6886134
10939655
-1
10808372
-1
11005306
2225422
-1
-1
-1
-1
-1
2602881
-1
8871885
6147660
-1
10775564
2963929
-1
-1
5720980
1437710
3538317
-1
7985702
11448423
-1
-1
6918991
-1
-1
-1
8855493
2110572
1815176
-1
1946466
-1
-1
-1
-1
206905
-1
-1
-1
5097387
6032815
-1
6722079
-1
4276842
3505525
-1
2570101
830536
8428829
-1
-1
-1
-1
-1
-1
-1
-1
2914743
3735294
10004297
9331447
6246180
3636830
-1
7345720
8034983
3718889
-1
-1
8609372
-1
8182688
5392819
-1
-1
11432070
-1
-1
-1
8428861
11448485
8297575
305417
-1
5573352
-1
1651125
3078883
11563371
3423516
9790983
6459553
7230871
9807399
-1
-1
912640
-1
7345754
-1
-1
4834874
11021822
10890535
-1
-1
1667556
748541
-1
-1
-1
-1
10051
3357896
-1
-1
8707885
6032892
1273704
10201289
-1
11776747
11661871
4916951
2652234
814202
9446389
1306535
10217708
9594086
8363268
2553775
305468
830622
9003298
-1
-1
2159917
-1
1487068
10545940
-1
-1
-1
-1
-1
-1
8789971
11579842
8757151
-1
-1
8248413
-1
5983697
7034001
1667606
7230936
-1
5918058
-1
-1
5474964
-1
3833866
9823881
666545
-1
10989066
8855637
11432165
8593062
10316217
11333702
4030805
-1
9462851
-1
7821753
748613
9774664
4621609
-1
-1
-1
-1
-1
-1
11415772
11547061
8166395
-1
-1
-1
-1
-1
9413638
8002293
-1
-1
10086493
9741863
4555988
-1
4917032
7460737
4309827
-1
8937731
-1
-1
-1
-1
6131455
2340514
-1
2438983
2734382
-1
-1
2192822
-1
5737600
-1
-1
5425794
-1
-1
3325189
-1
223512
7034078
1208174
-1
-1
-1
-1
2077962
11793275
-1
1782567
11038372
10759386
-1
-1
-1
1257421
4933486
-1
43010
748684
-1
-1
3538557
-1
9659862
9823972
4391931
-1
3538563
289186
8642385
1848233
4884269
3489333
5704821
9446529
6984880
190727
305604
-1
7083351
-1
4145784
7641327
7805437
4457596
9512185
6426916
-1
6541797
-1
9528601
-1
-1
5557142
8150081
-1
10398390
59461
-1
-1
-1
-1
-1
11317413
-1
1421582
830787
9151165
6180775
2439067
7214669
-1
11268189
-1
-1
6919277
962085
8478324
3555023
-1
-1
8084464
-1
-1
-1
-1
-1
-1
-1
11153329
-1
-1
-1
-1
-1
-1
-1
5048445
10217911
-1
797999
-1
-1
-1
6197222
-1
-1
-1
3948919
2504752
2603219
3817634
-1
-1
-1
-1
-1
-1
-1
-1
-1
2931450
-1
-1
-1
8363495
1372410
-1
-1
3916118
5590041
-1
-1
-1
-1
-1
6952160
5425938
9659976
-1
-1
-1
-1
11465192
3587913
1618592
4359232
-1
11727773
-1
-1
-1
1077038
-1
-1
-1
10956464
11284684
3932558
7444510
8806627
994992
-1
2225819
11071349
-1
-1
10513378
-1
4720297
830891
1569387
-1
-1
-1
-1
-1
8035327
3243315
1093474
3489483
3801292
8708183
5409571
6016781
6755277
11268303
7690706
2898691
-1
-1
-1
-1
-1
-1
-1
-1
-1
6820934
1323250
502700
7001458
1454541
-1
4211591
-1
-1
10316486
6410669
11432436
9200539
6262971
4605460
1618660
7460979
2324337
8166653
11514499
5770640
11104226
-1
10135979
8199481
-1
6197342
1930483
7132771
9594421
4129558
-1
-1
-1
-1
-1
-1
-1
5360393
2439235
10021119
-1
-1
-1
5819907
3883409
-1
-1
-1
11366830
2964399
-1
9036471
-1
-1
59657
-1
-1
-1
-1
-1
3719316
6082501
-1
-1
-1
-1
-1
7329743
-1
-1
-1
-1
-1
-1
-1
8954440
-1
-1
-1
-1
4621941
-1
2275170
-1
4835288
5065042
-1
-1
-1
-1
2160301
5130693
-1
4375789
-1
-1
-1
-1
8905230
-1
-1
6181007
8281615
7182080
8101097
3620895
9725784
-1
-1
-1
-1
-1
5179947
10218124
-1
683336
-1
10562760
4917377
8035468
1077204
-1
-1
6049741
-1
-1
-1
-1
2800368
-1
1405435
1536724
4851746
-1
-1
-1
-1
-1
-1
-1
8790395
-1
-1
8068314
5311266
716188
-1
-1
-1
11334109
-1
-1
-1
-1
-1
5179990
-1
699789
3292728
-1
9709431
108997
-1
-1
-1
10891028
10694097
3276325
-1
-1
-1
-1
5787214
-1
-1
-1
-1
-1
-1
-1
-1
-1
11481841
-1
5180019
-1
11531078
10480774
-1
2751196
1503961
-1
-1
-1
-1
-1
404430
6788309
9857168
9118674
5918528
3046606
3834335
1307041
11563918
10021280
10464383
2209650
1635267
-1
11563924
7411942
6492927
10152579
9496142
863957
-1
-1
2619937
-1
-1
-1
-1
2423010
11629582
5229291
11005965
-1
11596764
-1
11842931
699863
10431585
8413034
8724845
7247855
3161516
10169016
-1
-1
10070553
-1
-1
-1
9414117
5918575
-1
-1
6575018
-1
-1
-1
-1
10792650
-1
3506168
2981017
8675635
109094
-1
-1
3013844
1536854
3342066
-1
6821200
7822272
-1
-1
-1
3571827
4654953
-1
-1
-1
-1
8692065
7034555
11202950
-1
-1
-1
5770913
-1
4868310
-1
10037777
10858327
-1
-1
-1
-1
-1
-1
568638
7937177
8380276
-1
1504069
6493014
-1
-1
-1
-1
11859416
-1
-1
-1
-1
-1
-1
-1
7608975
-1
-1
5130917
6837662
-1
4211904
-1
-1
5738130
552255
11334281
8331071
3621115
-1
-1
5311451
-1
-1
5754551
503032
7970038
3949343
-1
831256
11416352
-1
8774183
814849
5754559
-1
-1
-1
10809153
4211932
2652886
-1
-1
-1
-1
-1
-1
-1
8741377
-1
-1
5951510
-1
-1
-1
-1
8971139
-1
-1
-1
-1
-1
-1
-1
3539106
9414245
-1
-1
-1
-1
8790632
6755669
-1
-1
6985426
-1
-1
-1
-1
7920858
-1
-1
6772091
4589428
-1
10842022
2488824
-1
-1
-1
-1
-1
158468
-1
3818123
-1
-1
8084986
-1
-1
11810286
6132081
-1
8905542
7494197
-1
-1
-1
9217356
-1
8839905
2406794
7248039
4474581
8314753
-1
-1
-1
-1
-1
749292
-1
-1
1126748
9791756
-1
-1
-1
-1
3293006
7198825
5738247
11859550
1307276
7592693
11088237
9315847
4491017
11268761
9102510
-1
-1
503149
5541327
-1
-1
10546685
5590564
6821390
2784285
-1
9660496
11383651
1865271
3342263
-1
-1
-1
-1
-1
-1
-1
5590579
-1
-1
-1
-1
10218486
-1
8101469
10776462
-1
-1
-1
-1
-1
-1
1635543
6361912
-1
4704403
9020497
4638760
519600
-1
7576333
8347650
618070
1963773
-1
-1
-1
-1
1044763
11711914
-1
4671597
11826793
-1
-1
7920979
-1
-1
10316988
-1
3407959
2685876
1225297
-1
-1
-1
-1
-1
-1
4409039
2948461
7822529
8938476
-1
9873907
-1
-1
-1
-1
-1
3046937
7379442
979152
-1
-1
-1
8331285
7838956
9644165
-1
-1
5574242
5344488
-1
-1
257082
4146490
-1
-1
-1
339142
10776539
5492198
6148638
-1
6279929
5508613
-1
10382682
-1
-1
-1
-1
-1
11252471
6099418
9906769
-1
8035919
-1
3719828
-1
-1
8265678
-1
-1
10136535
9759083
9233930
10136538
667392
-1
5951736
-1
6394835
10530408
-1
9594983
-1
-1
-1
-1
-1
10415539
9381647
11482255
11744833
6476903
3112647
9348828
11350973
8150824
-1
2406981
2636735
-1
9545769
9972455
5771239
6427682
-1
7724153
-1
7756977
3424474
1947485
7084127
5114810
-1
-1
-1
-1
-1
-1
6624629
7953921
11859740
568972
-1
-1
-1
-1
-1
-1
3818358
-1
7789822
1570053
9135525
-1
-1
-1
6296427
9874026
-1
6920048
7773421
7445202
4819442
3293219
11695654
7346739
-1
-1
2472676
1307496
5328192
9053490
3982491
733114
9037082
-1
7116997
-1
1619314
-1
-1
-1
-1
-1
2029595
6362100
1980364
9972522
5443083
9742766
-1
-1
-1
7002137
2160893
-1
10349984
-1
-1
-1
-1
-1
-1
-1
-1
-1
5032830
5689271
1356768
-1
-1
-1
-1
-1
1717816
10727456
10235127
-1
-1
-1
-1
-1
-1
4786682
-1
-1
10858755
2636845
9742809
-1
-1
503419
-1
1537314
-1
-1
-1
-1
10366437
9529476
8692515
-1
-1
-1
-1
2029656
-1
-1
-1
-1
10169517
3293308
8971514
1406046
3916926
7921215
5279045
5410334
4704661
2292246
8807411
-1
-1
-1
-1
-1
-1
-1
-1
-1
-1
-1
-1
-1
5656516
-1
-1
-1
11646535
-1
-1
-1
-1
2292270
10038263
3982605
4048250
2784600
10825995
-1
1209151
-1
6624783
2768199
-1
-1
10596249
-1
6838132
-1
1799957
2718974
-1
-1
-1
11301931
-1
-1
1241991
7149952
1685089
8987986
-1
5147814
-1
-1
2407180
-1
-1
-1
-1
-1
8380790
10743975
10891673
4589849
3096452
6985859
7625886
2161024
6870986
4212405
3605194
2390786
11580947
10760398
11794290
-1
-1
-1
-1
5558117
6050448
257366
8594155
10661942
5919163
93260
2472856
3145707
-1
-1
5377607
-1
979461
5607364
-1
3539580
4294487
-1
-1
-1
979469
-1
2046186
-1
-1
27636
9874237
10842487
-1
5000173
470738
-1
-1
-1
4540670
-1
-1
-1
-1
-1
-1
7215670
5820735
-1
10038365
5410464
8627019
-1
-1
-1
-1
-1
-1
10711225
11843585
-1
-1
-1
-1
-1
-1
-1
-1
-1
7100816
339484
-1
10005566
-1
3818621
-1
8462936
-1
-1
-1
2440103
9972753
-1
-1
-1
-1
-1
-1
11269229
11761560
-1
6608508
-1
-1
1635978
-1
-1
2883217
2620642
9660962
-1
-1
5673092
-1
4819722
-1
-1
-1
7543952
-1
-1
-1
-1
-1
-1
-1
-1
-1
2292442
-1
-1
-1
-1
5886456
3933548
5262840
-1
5623884
9119428
2095520
-1
-1
-1
-1
8906091
-1
-1
-1
-1
487253
10415909
5164388
9037387
10514377
-1
-1
684192
-1
-1
9086627
-1
10186166
618554
7379887
9775894
-1
-1
963190
2177604
175464
4524379
3736653
4704901
9020997
2850462
3162272
-1
11761638
-1
2752001
2505837
3605373
10694928
-1
-1
-1
-1
-1
-1
-1
-1
6083446
11482666
8528687
1127325
4540816
7855839
2161223
-1
3621804
6083454
552949
-1
-1
-1
-1
5640364
5935763
-1
-1
6789138
4114146
7347113
9300024
6378866
6263991
-1
-1
7478408
-1
-1
-1
6739917
9431321
-1
10235463
3506953
-1
1964322
1800213
-1
-1
-1
5377815
-1
1045313
11728875
1422766
10842683
-1
6838401
2473076
3900834
8627203
-1
1603297
9841620
-1
-1
-1
-1
208368
-1
5443479
7051757
9234420
-1
-1
-1
-1
-1
-1
2161288
-1
8512347
-1
-1
-1
-1
-1
1291513
-1
5279388
2571574
-1
-1
-1
5082461
-1
832014
3753173
-1
3654709
7035376
2538763
2292598
5262987
1422818
6822034
503797
10809908
7511296
-1
-1
-1
10530931
-1
9464218
-1
-1
-1
-1
-1
-1
5738928
1980809
-1
-1
-1
7183101
11072509
-1
-1
-1
-1
-1
-1
-1
-1
1849536
11745370
2637266
3818857
3277296
5985113
-1
-1
-1
-1
3310125
5624077
5788187
-1
10268393
-1
-1
-1
-1
-1
-1
4623016
9021165
-1
-1
-1
1307999
6017957
4623021
7577001
-1
-1
7626240
5098946
6198485
-1
8036519
-1
9070414
-1
-1
-1
-1
-1
-1
-1
-1
10153549
-1
-1
2899890
-1
-1
9086840
-1
7675496
7462154
10826409
11811069
7445742
-1
9841754
-1
-1
6477502
6805723
-1
6756492
8775045
-1
-1
6100056
6444687
9037627
5263098
3343010
487496
520317
-1
-1
-1
11089010
2227070
10153585
-1
224932
6526756
9710491
5377987
1308062
5230287
3999468
8528905
1915273
-1
-1
-1
-1
9891024
-1
-1
-1
-1
1669118
1587064
-1
-1
7954535
-1
-1
5755464
3425103
1866059
-1
-1
-1
-1
-1
-1
-1
-1
5213912
-1
-1
-1
11417274
10022340
-1
-1
1980953
-1
-1
-1
-1
-1
-1
6214998
-1
-1
9710544
-1
6838621
-1
-1
-1
-1
-1
6772983
-1
208585
-1
-1
-1
-1
10826507
-1
-1
-1
10892155
7626367
-1
-1
-1
11400901
6494013
-1
-1
832221
4606752
-1
-1
-1
6773008
10957814
3540043
7659203
11565024
-1
-1
6592494
7445866
-1
6494031
5296029
-1
-1
3228246
-1
-1
-1
372736
9480842
-1
6937139
1406633
8069500
2260006
-1
-1
2374887
-1
8512603
-1
6247887
5837613
-1
7626414
6428412
-1
-1
11450181
897909
-1
-1
-1
-1
-1
-1
1537945
3523677
4803736
2932882
-1
-1
-1
-1
11138388
-1
-1
9300359
11581488
4295006
1636425
-1
-1
-1
504070
5066329
-1
-1
10186564
-1
2046710
-1
-1
5427379
5493024
-1
-1
-1
-1
10547617
-1
7872626
9054218
2473408
-1
-1
-1
3835526
1406699
5164819
3884762
8118801
4377094
668208
10875852
569739
-1
8364972
9251167
1176955
7199794
635394
-1
3934008
-1
-1
-1
-1
8184462
7068514
-1
9792743
7314682
471295
5542297
-1
-1
-1
-1
-1
7101348
-1
7938311
5279730
9677879
1718544
5361788
7823439
5985406
8693218
-1
5755657
-1
-1
-1
-1
-1
6313637
-1
-1
11778503
-1
-1
-1
208752
-1
-1
6707511
6789567
10892318
-1
5197703
1702161
-1
-1
5870558
2013974
-1
7429606
-1
10580520
7823473
5378235
11581593
1127788
586226
7675777
2604776
2325789
7675775
10498475
-1
-1
-1
-1
-1
454949
-1
-1
11581610
10580540
5214144
1784246
7610151
6133162
4738223
-1
1012934
7544513
8594816
4984399
11499563
-1
-1
-1
8479947
-1
5542380
-1
-1
-1
-1
7478883
-1
11630868
6838856
5115703
-1
-1
-1
-1
1160657
1570933
7068617
3507430
3622311
10908793
-1
11794992
11302663
10547758
4590566
8972303
-1
-1
-1
1095028
4918792
-1
-1
-1
8348695
-1
-1
-1
8266644
7659438
2801783
4574170
4689046
4295187
9956983
3179241
10071861
2210994
77564
6461443
2949492
7905615
9037971
5805009
-1
-1
-1
3835693
-1
-1
-1
7150719
-1
-1
3113616
-1
-1
-1
-1
-1
-1
323753
-1
-1
-1
11056551
-1
-1
7643066
-1
-1
8709784
-1
-1
8283101
7675894
8841077
684809
-1
4262411
6330197
5132196
-1
8069767
4246005
7922069
10859640
9087253
-1
-1
-1
-1
2096172
2293105
-1
-1
4295250
684830
-1
-1
-1
-1
-1
-1
-1
-1
10695550
6198936
-1
8151848
4475785
11384815
-1
-1
-1
-1
-1
-1
-1
-1
-1
-1
10531456
4672729
-1
7626712
-1
-1
3737308
-1
5132245
-1
-1
-1
-1
-1
-1
-1
8611385
2096218
4557870
11352025
11286380
-1
-1
-1
-1
-1
10186851
9661699
9366302
-1
-1
-1
-1
-1
-1
7479045
-1
-1
-1
-1
-1
8414478
-1
9005276
5148692
-1
11860793
-1
-1
6527221
-1
-1
-1
-1
11352060
3359903
4410208
1702392
6986738
208996
7019562
3622483
-1
-1
6510825
1997800
307469
-1
274649
356704
-1
1603943
-1
11466956
-1
7331386
-1
2998884
-1
1177265
-1
-1
-1
-1
-1
-1
9842280
1357794
-1
5083093
-1
5132328
-1
-1
3294299
8857629
7397049
3097370
4804115
9760238
-1
-1
2408113
1275754
6691384
-1
10679261
-1
-1
-1
1686037
799844
-1
-1
783436
2785579
340341
3786651
-1
-1
-1
-1
9349986
-1
6576529
5296471
9251522
2375316
3163045
-1
-1
2194799
11565480
10613644
-1
-1
192662
2145572
10104907
10531595
-1
619353
10580831
8939732
7938661
-1
8201240
6871949
-1
-1
-1
-1
8857686
-1
-1
11417805
-1
-1
-1
-1
-1
9563368
-1
-1
-1
-1
-1
-1
-1
6888383
-1
-1
-1
-1
-1
-1
816320
-1
4164166
5673979
-1
-1
7200205
-1
-1
-1
996851
7413553
5083192
1948692
-1
-1
-1
-1
1554833
10318307
11040393
-1
-1
-1
3327227
3721092
10072150
9300831
-1
-1
-1
406076
-1
-1
-1
-1
11647616
1686139
10433203
-1
-1
-1
-1
11532746
6593036
5805308
9661895
406092
7019726
-1
-1
-1
-1
-1
-1
-1
-1
11352239
-1
3130330
9875252
9071114
-1
4197049
-1
-1
7101799
10613754
-1
-1
-1
-1
-1
61487
2408261
-1
-1
-1
-1
3048295
10892754
-1
-1
783581
-1
-1
-1
-1
2244165
1604136
-1
-1
9990161
4771464
4229902
3901681
-1
-1
-1
-1
10580965
4115032
5985887
2277000
-1
-1
-1
-1
-1
-1
-1
-1
5985897
4410441
-1
-1
1226711
10810736
-1
-1
-1
-1
-1
4886371
176414
-1
-1
2375492
10794335
1866751
4049417
9694802
-1
9908147
9005542
9776861
7889596
5313071
11303085
9990208
7725490
8611684
4673047
-1
-1
914931
-1
-1
-1
-1
-1
3081189
-1
-1
-1
-1
-1
-1
5444380
-1
406205
-1
324152
-1
7512172
-1
-1
-1
5805432
4574608
6560340
6100833
882132
3983811
3803294
-1
6412647
-1
1554993
-1
3491493
8562493
10466168
-1
-1
-1
-1
7659894
-1
-1
-1
-1
9990261
291360
-1
-1
1292435
-1
11614956
1259616
5165435
6987055
11844714
-1
5050562
10088739
5920346
-1
2342751
-1
-1
-1
-1
-1
3885391
4230022
-1
-1
11614976
-1
2490462
-1
-1
4656717
2474055
7955330
-1
4607488
4820831
-1
10925726
6937854
1111949
9711312
1850445
5362399
2211491
6199365
1981731
9826195
2277138
6215769
11844754
-1
-1
-1
-1
2802298
1128377
2753067
3032054
7052747
6511189
10695995
2030987
2638194
10023145
10515477
6035275
4328527
8775915
-1
-1
-1
-1
3786976
-1
1883302
701711
-1
636069
-1
-1
3212599
-1
-1
291444
6527625
-1
9612895
-1
4870118
-1
10499093
-1
9924710
5362452
-1
7085610
-1
6412761
-1
-1
-1
10975023
11007846
1440233
209408
-1
10351410
537633
5264002
1965392
455581
-1
-1
2654658
7052807
10088842
11106326
7660017
-1
-1
225837
9022134
-1
-1
-1
-1
9809867
-1
-1
-1
-1
-1
-1
-1
-1
-1
-1
-1
8546232
8382123
6265105
-1
5559434
-1
-1
4115269
-1
-1
3770641
-1
-1
-1
1062830
5690733
4689661
-1
-1
-1
1292590
-1
-1
-1
-1
-1
-1
5231237
-1
-1
-1
-1
-1
5280476
1981866
-1
-1
6806703
-1
-1
-1
-1
11615131
2753192
-1
2293686
7528795
2900895
-1
9055022
-1
-1
-1
4903043
-1
-1
-1
-1
1423916
-1
7709331
-1
-1
-1
111042
-1
-1
-1
-1
-1
-1
3327605
-1
11713628
4689720
10975135
-1
5050766
11451056
-1
-1
-1
-1
-1
-1
-1
5543105
-1
-1
10745395
2589128
-1
-1
-1
-1
4476399
-1
340829
5362596
-1
-1
-1
-1
5854931
3475336
6281619
-1
-1
10811058
10696182
11352622
1259859
7282694
7824257
4492829
10039747
-1
783946
669069
-1
-1
2539927
6544212
9941288
422909
7775040
3606643
10991598
6675505
-1
8940226
-1
-1
-1
-1
-1
-1
-1
-1
-1
8628427
3770772
2523535
2408658
-1
6872455
-1
-1
-1
-1
11648061
11040855
1489654
7200682
-1
-1
-1
-1
-1
-1
-1
-1
6051922
3097942
-1
4082605
-1
505009
11057282
7775084
-1
275259
4246722
5822179
7348403
-1
-1
-1
8677698
6051938
-1
4706239
8283838
4033389
-1
-1
-1
-1
-1
4525726
8825409
-1
29115
-1
-1
7594589
9038758
11828627
3229265
1063015
11254246
8546429
7840761
-1
10663455
-1
1686640
10729102
3212865
8644906
-1
2966703
3524678
2572841
4164709
7118688
11664538
-1
8316696
669170
-1
7545382
-1
9170073
-1
-1
1752304
-1
11155809
-1
1358444
-1
8973150
1013816
-1
-1
-1
5100159
2047714
11205053
-1
-1
-1
-1
-1
-1
2490819
6888968
-1
45583
554325
-1
11566108
-1
685617
-1
9941423
-1
-1
-1
-1
8940357
-1
-1
2605714
4164760
2589304
4017060
-1
10318889
-1
-1
9875795
-1
2458025
-1
10581472
-1
-1
8185469
-1
1342084
-1
-1
-1
7955721
5740237
-1
-1
-1
6692079
-1
-1
-1
3557582
5329970
8973214
6757729
-1
-1
3688876
10253277
8661410
45637
4985348
6839792
3065259
8087031
-1
-1
-1
1604690
-1
-1
-1
9022466
11500528
-1
1653930
-1
-1
7463427
-1
-1
1719580
11205139
5953619
9547628
5674635
3951478
10318950
-1
9711745
8677853
1112383
-1
-1
8300404
5280781
144139
8283996
3196587
1555488
5641828
1998586
521598
10893346
3869444
4952571
-1
-1
-1
3163776
-1
-1
9711768
62101
5001811
3360714
9317908
-1
11188764
-1
-1
5149519
-1
6134181
-1
7463474
9826659
10023591
-1
-1
11106721
5001830
-1
-1
-1
-1
4394628
-1
9055354
8398915
6183431
-1
9892319
10680048
1883753
-1
6921932
-1
-1
-1
-1
-1
-1
-1
-1
11188801
5067499
5740351
94966
5855226
2490976
4296186
6839893
1194510
8267652
10647238
-1
-1
10532374
-1
3672578
6708614
6544504
11205227
5510612
7808150
-1
7135306
-1
5444975
669374
2376120
5280867
6593749
-1
-1
-1
1014013
-1
-1
2326896
784262
-1
-1
10844209
-1
9629797
78595
-1
-1
8366154
3541321
-1
-1
-1
11812469
8366160
5937332
10089317
2934122
9400057
-1
8431810
6265558
4329062
10122143
9613404
5330134
-1
-1
-1
-1
-1
9252371
9153906
-1
1325861
5576311
-1
7660510
10483203
11435040
1489977
-1
-1
-1
4640893
3623412
8021561
1473572
-1
4082924
9695487
1801797
-1
2737226
-1
-1
-1
-1
-1
-1
-1
10072951
5625571
-1
-1
-1
-1
-1
1293073
2884941
7512844
9055478
-1
2409026
8973426
-1
-1
-1
1522837
-1
-1
11353029
-1
-1
-1
9876043
-1
11500734
-1
406900
-1
-1
5018394
9465776
357672
3689106
-1
-1
-1
-1
-1
-1
-1
-1
5543558
9137568
-1
10122230
-1
-1
-1
-1
-1
10253524
-1
9318099
6577462
-1
9170403
-1
-1
-1
-1
-1
-1
-1
4591742
-1
1129023
3639907
78721
4230702
-1
-1
-1
4066599
7594965
5215371
9482232
3557858
10187907
-1
4148661
-1
-1
4378418
1243918
981342
-1
6052344
1966006
-1
1408034
1851132
4969223
-1
-1
-1
1293163
-1
-1
78752
-1
2704514
10729494
6380580
8382723
3377369
11878268
10368452
-1
-1
-1
-1
-1
-1
-1
-1
8760188
8825833
-1
1883982
-1
1112667
571105
11221845
-1
-1
7168331
-1
10729520
-1
2294268
3607148
-1
9252535
7086283
3590740
-1
-1
768053
2376332
8284291
4641052
-1
3311763
636771
-1
-1
-1
5560075
-1
-1
-1
-1
5166216
8103785
-1
-1
-1
-1
-1
-1
4099509
-1
6823737
1079887
11008544
-1
341396
-1
-1
7480184
-1
7644296
-1
-1
-1
-1
439872
1851218
-1
-1
-1
-1
-1
-1
-1
-1
-1
-1
-1
-1
6298613
2359973
-1
-1
-1
-1
3180529
-1
-1
-1
-1
-1
-1
-1
-1
6134518
-1
-1
-1
-1
-1
10860892
9383902
9744946
2868738
-1
-1
5346802
3508771
10220871
-1
-1
-1
-1
2212308
8267967
-1
5740676
718911
-1
-1
5281172
-1
-1
-1
10401408
1145604
-1
-1
-1
11730704
8678259
10237303
-1
-1
-1
5954038
2786715
6036094
9465995
4952968
7348978
11238386
9843450
11533786
9482406
10122442
7020761
5445309
3361113
4854515
3147771
5855588
7529499
2589788
-1
6265867
1375390
-1
-1
5789952
620487
6036118
-1
6544862
6298698
5231984
-1
3722174
-1
6479224
5921250
2589819
-1
-1
-1
-1
-1
-1
-1
-1
-1
-1
9104997
-1
-1
3804247
-1
-1
-1
6265901
-1
-1
9072185
3968364
6561304
-1
-1
-1
-1
2819601
2195983
-1
8727564
-1
-1
4181720
3262705
-1
8382939
9055791
-1
3459642
7726503
-1
4870991
4034030
-1
-1
9252732
4526364
6134642
4477132
8908105
8858873
6265936
554906
6495692
11796443
6659804
9974827
78994
10844603
4165336
9909187
11747220
-1
-1
-1
-1
11780047
2885286
9072234
2097560
-1
2130384
-1
-1
-1
-1
9039420
-1
-1
11008743
62607
-1
9974853
1572422
11747243
4641281
1309846
-1
-1
-1
9761518
6676251
5199262
-1
7102940
10204620
-1
9679470
1621670
-1
2524277
-1
-1
5872124
10614904
-1
10598495
407264
2885327
-1
-1
8481481
456503
8120441
-1
-1
10598505
-1
4739780
5478276
7792228
10500042
8087628
-1
-1
-1
-1
-1
-1
-1
-1
-1
-1
-1
-1
2655600
8908192
4674155
-1
-1
-1
1703768
883219
5396245
6397314
9203599
4953150
-1
-1
-1
-1
5609596
5855762
-1
4674172
3525402
6397329
10467256
-1
3623873
-1
-1
-1
-1
4198263
3886455
-1
-1
-1
-1
7431236
-1
-1
-1
10992427
-1
1621748
2622820
9252865
702735
686325
2901811
5708092
2491538
6741988
10385231
11632468
686332
6052730
6315299
-1
-1
4871142
11665296
11271434
8038468
10762694
11468369
11698122
-1
6298907
-1
-1
11337087
-1
-1
-1
5626063
5855818
-1
-1
8612869
-1
9597531
3919326
4444478
3656751
-1
-1
-1
-1
2360288
5905064
-1
-1
-1
-1
2688514
3361366
11255058
8399545
7496941
9646782
9827302
-1
11255064
-1
-1
-1
-1
1096660
2327486
10171945
-1
3295738
-1
11337130
-1
5937913
11287899
4887611
5429175
10746340
-1
4493751
4460930
5166604
-1
-1
-1
6216912
-1
-1
2754194
7447741
7513386
4953271
6922592
11829482
5297902
4247602
11813069
2901895
3098828
10368909
6298982
5297912
95626
2672153
-1
-1
-1
5215863
4543012
6331811
11648976
-1
10221223
-1
-1
-1
-1
-1
-1
-1
-1
3016803
1835212
-1
7300077
-1
-1
6709284
-1
4887665
-1
4362515
-1
-1
10894096
-1
-1
-1
-1
-1
-1
-1
-1
-1
9499171
2672196
9909447
-1
-1
-1
-1
-1
-1
3246589
-1
391077
-1
-1
-1
8629403
4461010
-1
10582315
4116382
2754270
4543070
11140293
8005791
4280497
1786025
-1
-1
-1
-1
-1
-1
6824210
-1
-1
5675443
2967629
6282651
2344013
9646909
9187400
-1
-1
3148157
-1
-1
-1
-1
6971925
-1
604459
8629439
-1
-1
-1
2360441
4346173
-1
-1
-1
-1
10270549
-1
-1
-1
-1
-1
-1
6364738
5412900
-1
7168880
9663352
-1
-1
-1
-1
3115369
-1
6709380
7940206
10451089
5872422
-1
-1
9745421
-1
-1
6069360
4214918
-1
-1
8711535
-1
-1
-1
-1
3837473
11304479
-1
6840689
6857101
9597739
3377971
8990534
588103
9269523
653744
-1
8465387
-1
-1
3049760
-1
1622005
-1
1359431
1162500
-1
1556366
-1
-1
-1
7825372
867109
7923840
6955591
6266331
932757
7595624
5839647
6709432
-1
-1
-1
4986281
-1
2524633
-1
-1
7989499
11402988
-1
-1
-1
-1
-1
5790432
4641663
1162531
6249943
9302389
-1
11370178
-1
-1
-1
6709458
719444
571746
4018055
3312381
2738001
8219275
6512532
9876786
-1
161479
10894274
-1
-1
-1
-1
1228200
-1
-1
10303486
-1
-1
1064096
10566065
5035560
2738019
6430494
10467604
6791541
7940305
-1
2442629
10549663
-1
1736959
3427293
4937105
-1
11780495
8465473
-1
-1
-1
-1
-1
-1
-1
2934975
-1
-1
-1
-1
-1
6167948
982073
-1
-1
-1
-1
-1
9023469
3082688
-1
-1
-1
-1
9171174
6873634
6529003
-1
4543276
-1
46664
-1
-1
-1
46668
6808000
4083774
5692055
-1
1605718
-1
-1
1080569
-1
-1
-1
-1
9581472
309258
-1
-1
-1
-1
-1
-1
-1
-1
8695288
10205101
10155869
4494073
6873667
-1
-1
-1
10861548
6233647
3230433
-1
9860481
3066328
10516923
2639644
11583640
-1
-1
-1
-1
1458058
-1
-1
-1
-1
-1
-1
-1
11813407
-1
8843018
1769878
-1
6808057
-1
-1
9187655
-1
-1
10697470
-1
-1
4362827
178023
10500543
4887981
6561904
-1
-1
-1
3214065
-1
7185529
10681072
-1
11813434
-1
-1
-1
-1
-1
5216218
2409937
8285077
-1
11649334
5708553
4280796
10352868
-1
-1
1655041
1540164
506273
-1
-1
-1
998607
8810244
11813456
-1
9893373
-1
-1
-1
-1
-1
7530195
982206
4641860
1983280
11862703
2180214
6102444
4280823
8055350
5019321
7694315
5528063
-1
6053218
-1
768878
-1
-1
-1
-1
8793862
3164889
-1
-1
-1
7169178
-1
3361828
-1
5084985
5823481
63221
9926233
3821339
-1
-1
-1
6036831
7431767
-1
243751
7776400
7661523
10467807
10336518
11304770
-1
6775336
-1
4559853
10024717
9712909
6873807
3788540
6512762
-1
-1
-1
-1
-1
-1
4264467
8038997
-1
-1
-1
6168148
7366152
-1
6348672
-1
-1
-1
-1
-1
8383642
-1
-1
3706510
-1
-1
7546687
1704372
6315863
6660496
11025819
-1
10090398
5068633
-1
7464641
8646234
1146407
2229533
-1
5560970
243807
-1
-1
-1
5117878
10730440
8711889
-1
-1
-1
6939505
9122169
4461445
7760057
5019418
-1
-1
703332
-1
5610223
-1
-1
-1
2360849
6332312
3575265
1868519
5167133
7366209
9269886
11633070
2131103
8055475
5971277
6086157
7628792
-1
-1
-1
-1
1031575
-1
-1
-1
-1
11698730
-1
-1
-1
-1
-1
-1
1179286
-1
1392631
4707654
8482183
8318076
-1
8761175
-1
9581727
-1
6512872
2803986
4133278
10632036
1507520
3444018
5938493
5511808
9302750
1507526
-1
9056588
-1
6151843
-1
-1
-1
5971326
10615640
-1
-1
1130085
1015209
-1
-1
2836833
3952782
-1
1392668
10320253
7612439
555710
6594958
-1
-1
9483298
3575338
-1
-1
-1
-1
11124404
1425503
-1
10418734
-1
752657
-1
-1
-1
-1
-1
11272114
4281029
11140826
-1
-1
2262480
7267836
1802974
10353103
11091598
5577507
3788707
10845440
1327057
4182576
4789784
3214329
1523997
-1
10763392
1080903
-1
-1
11797289
4789793
10599286
6381661
3542560
342414
8006352
2278916
6463722
-1
-1
-1
4477995
-1
-1
1917882
10763411
-1
4543645
-1
-1
4822635
9040263
-1
10632132
-1
8006374
11419862
-1
-1
-1
-1
-1
9959290
-1
8351014
-1
145516
11583984
8761292
10287517
5692437
9171571
4084162
4428792
605028
-1
1015309
-1
-1
-1
10385994
-1
-1
-1
7399196
-1
-1
-1
7628954
6627884
-1
-1
309652
-1
-1
-1
4330351
-1
7464854
10336780
10697823
-1
-1
2656436
-1
4773457
-1
-1
-1
-1
-1
3263651
-1
-1
4560123
10369617
-1
-1
10205511
-1
4757061
-1
10944010
1376398
7940798
-1
-1
11485578
-1
-1
-1
1409228
11403528
8121328
-1
2541591
11584052
-1
-1
-1
-1
9910136
11042496
6250483
5052480
-1
-1
4412457
10829159
-1
260477
-1
-1
-1
-1
-1
-1
-1
-1
1360023
-1
-1
1294382
-1
-1
-1
-1
-1
-1
-1
-1
-1
-1
1031817
5019691
-1
7054657
1589795
-1
-1
293329
-1
5462796
9713246
-1
-1
-1
9893771
-1
11748216
10665091
9089636
-1
-1
-1
2968337
1819568
9746082
1376473
2295490
9155289
4100702
-1
7579836
4576623
10205597
-1
-1
3362214
-1
6070031
-1
4494577
11321553
10648703
-1
-1
916984
2525263
1458549
2197042
5561297
-1
8531694
-1
-1
-1
441075
4346894
6299804
11518501
3345826
-1
-1
-1
-1
-1
10287685
-1
-1
6972666
3198137
1918080
10550267
8416838
2738633
-1
-1
-1
6316235
2492473
-1
5167468
-1
-1
-1
-1
-1
-1
-1
10862093
-1
-1
-1
-1
-1
-1
-1
-1
-1
-1
-1
326243
-1
555999
6775769
3690500
-1
-1
-1
-1
-1
-1
-1
-1
-1
-1
-1
10747244
9893872
6923483
-1
-1
2738681
9680535
11584212
-1
-1
5265980
2902797
-1
-1
11781151
4790066
9647722
457564
4625959
8170736
5085463
-1
-1
1836094
-1
-1
9631322
-1
6611700
1704812
9713381
5265998
-1
-1
1261720
-1
4494689
178597
9893909
11059092
-1
3280280
11764768
14493
-1
-1
-1
-1
11879651
-1
588885
8072302
5364488
-1
-1
-1
8515404
-1
-1
2804379
-1
10616017
5151154
2459752
2755151
6841490
11288871
145805
-1
6513275
3493651
1261756
-1
-1
7054843
2443353
10008825
-1
6693805
-1
-1
-1
-1
-1
1524346
1540758
-1
-1
-1
3657781
-1
-1
8728783
10944268
5577873
4445512
-1
-1
8400569
10255013
-1
-1
-1
-1
-1
8843673
-1
4100896
2164398
-1
7875429
9270365
-1
-1
4888631
375607
-1
-1
9959634
5052745
8548290
-1
-1
-1
-1
-1
-1
-1
-1
10205810
8023147
-1
-1
5315336
-1
-1
-1
7038495
2673170
-1
-1
4708137
-1
-1
-1
-1
4412744
8006754
1064901
-1
-1
-1
10550464
9155530
572576
-1
1672117
474114
-1
-1
3657852
4330704
-1
11387436
211546
-1
10468423
9385297
10813056
-1
2968600
-1
-1
11469501
10402787
-1
-1
6037464
-1
6300042
9549421
-1
7859090
5249742
7251885
9795591
-1
-1
-1
-1
-1
9533021
-1
-1
9303270
3231201
7432418
7990391
8810944
5069232
7333956
2689644
8548371
5971846
-1
2722470
4166638
6349302
-1
-1
7580131
-1
-1
-1
523405
9926909
6283666
-1
-1
-1
-1
-1
5791344
638290
-1
8121709
9861275
-1
-1
-1
-1
-1
-1
-1
-1
5873412
1622964
-1
-1
-1
-1
8088903
-1
-1
2673276
-1
-1
-1
2525581
-1
-1
11371113
2509173
-1
-1
-1
11879859
9418210
4068224
6546287
-1
8909473
-1
-1
-1
-1
4544152
3920535
-1
8417151
-1
11010091
-1
-1
835274
-1
-1
4790328
-1
1442486
-1
-1
-1
-1
5348309
-1
-1
8039716
-1
-1
10567013
4133901
5578071
999403
-1
-1
11239870
-1
-1
4823172
7498166
-1
-1
7055072
-1
-1
-1
2706161
9073630
7974094
-1
4478553
5578091
-1
-1
-1
-1
-1
-1
8433612
9385451
9155697
3001574
5463224
-1
-1
9319813
5463229
-1
4659092
-1
-1
-1
-1
8154640
-1
-1
-1
-1
-1
6086860
-1
2968772
-1
-1
11879948
11239919
-1
572772
2049762
-1
-1
-1
6989478
10173213
-1
10288092
-1
-1
7760801
-1
-1
8236723
-1
-1
-1
-1
5299159
2771866
-1
5972013
-1
10632739
-1
7662350
-1
11715869
4183220
-1
1065133
3576017
-1
-1
9122938
-1
-1
-1
7924939
3871423
-1
-1
736925
10764046
-1
8614208
-1
-1
4363762
-1
-1
195371
10501479
5102262
8564984
1918530
7892135
-1
10370198
7235698
-1
-1
-1
-1
5463315
3641695
-1
-1
-1
-1
-1
9024509
-1
-1
-1
-1
-1
-1
-1
-1
-1
5775141
129757
-1
9927127
3297084
8056275
1672395
-1
10189708
-1
7744471
3100159
-1
1180074
-1
-1
9073768
-1
1262134
-1
9057361
1557534
4774092
2591427
-1
11830825
-1
-1
8417340
11715951
-1
-1
9484059
4101252
-1
-1
-1
3461227
-1
7974254
408784
-1
-1
-1
-1
-1
-1
-1
-1
-1
4675654
-1
-1
11436989
261098
-1
-1
-1
-1
-1
2066315
-1
-1
-1
572918
-1
-1
-1
-1
-1
6727049
11354952
11404186
8187631
8089165
11092380
6907576
8663553
179062
6677825
10091312
6497295
-1
8007120
7202981
-1
868338
3871551
-1
293956
-1
6037808
-1
-1
-1
933991
-1
-1
-1
-1
-1
-1
1918658
6021409
9549774
-1
244740
2394582
7399937
5824481
-1
474499
2443820
-1
-1
-1
6759917
7088138
4265447
-1
1623278
1770978
-1
-1
-1
3920823
-1
-1
5742447
-1
-1
-1
-1
5479876
10813451
-1
-1
9369287
5627579
7941532
-1
3576208
9992910
5906572
8909786
671463
10518062
11059625
572995
10353956
-1
-1
5250141
-1
3182357
-1
-1
6891246
7432810
5758889
8417472
-1
-1
10403206
9418546
11551977
-1
-1
-1
9960115
-1
-1
6333287
3773172
6874852
-1
-1
228400
-1
-1
-1
9943716
-1
-1
-1
-1
-1
4938367
2591595
-1
8909832
-1
5512757
6891282
7514900
8565206
6727175
4495279
8975483
10567352
-1
-1
326891
-1
-1
9763219
11322264
7810312
-1
3609098
8877030
671530
-1
6005108
-1
-1
6316920
-1
950525
-1
-1
3953741
-1
11650502
10764309
-1
-1
770013
6398987
7235949
11207409
-1
-1
2640873
6431814
9779659
-1
-1
3641949
2214192
-1
-1
-1
2460362
737207
5086123
5873853
11470004
4150699
8663724
-1
-1
9270936
5463584
5397942
5217422
-1
-1
-1
-1
-1
-1
11847473
-1
-1
-1
-1
-1
-1
-1
5447191
11207453
-1
5381550
-1
11634143
11256691
835707
-1
11765435
-1
-1
3395828
9287378
-1
-1
-1
9205327
-1
-1
-1
10255635
-1
4840007
4889240
11535697
-1
-1
-1
-1
-1
-1
4954893
3855357
10928499
-1
-1
-1
-1
4708735
-1
-1
130069
3363036
-1
-1
-1
5939568
4856443
688049
9796156
7876070
-1
3592801
-1
-1
8204295
5299549
-1
4561056
2772258
-1
-1
-1
5004158
5742654
4954927
-1
9697708
31630
4872874
6103702
5562140
97278
8269955
9467961
3182542
-1
556791
3756937
9287444
11781918
-1
-1
-1
-1
-1
2936395
2312778
11371651
-1
-1
-1
5529339
-1
-1
-1
-1
2673830
1918924
6973514
-1
9451577
2411259
6103735
-1
-1
-1
-1
8401280
-1
-1
11535784
11420908
2083050
5644235
-1
-1
5037034
2050232
2214344
-1
-1
-1
4003147
4118024
11880429
10764482
-1
-1
-1
-1
-1
5463735
-1
9271089
-1
-1
-1
-1
3395956
-1
-1
-1
-1
-1
1951794
6185832
-1
8302854
-1
-1
-1
-1
2690297
3412382
5956086
6973570
-1
-1
-1
-1
-1
-1
-1
-1
425591
-1
-1
1525131
10715291
6989995
2345684
-1
-1
-1
-1
-1
-1
10649657
2641089
6120223
9533709
1804132
7334639
-1
7826972
1262573
-1
7892619
7810564
-1
-1
-1
-1
-1
-1
-1
11043540
-1
11355351
8926523
5348925
3313962
-1
7154140
-1
-1
-1
-1
11142018
589745
-1
-1
8155220
-1
5398174
1869810
-1
-1
11732824
-1
-1
7892653
-1
-1
2411382
1607243
10502007
3281168
1377493
-1
8844500
9829161
-1
11732839
2723201
704649
409250
9156314
9845579
8828097
-1
-1
8188072
1672906
7580865
277973
10797425
9320434
-1
-1
4315084
-1
3330426
-1
-1
5020762
-1
-1
-1
2378595
-1
9583026
113880
-1
-1
-1
-1
934435
9353279
1229833
-1
-1
-1
540577
-1
8253749
3478149
10469235
6284430
-1
-1
10502062
2870947
10337952
8024003
1935524
3182761
11010809
-1
-1
-1
540595
11700076
5463897
-1
11322626
8893798
-1
-1
-1
-1
-1
5184919
8811751
-1
4709003
3954097
10403620
-1
-1
-1
-1
-1
5234163
1919142
7449650
11388290
2132488
-1
7187078
6563460
-1
-1
-1
-1
1525289
-1
-1
7449663
-1
2066857
9550273
-1
5710102
-1
-1
-1
10075432
-1
7843538
1032974
9665160
-1
8549215
8926669
10403658
-1
-1
655529
-1
-1
1147862
-1
-1
9074378
-1
1476087
-1
-1
-1
10272387
3100781
9451838
-1
10502145
7269179
3609527
8171786
3658760
7974856
11010892
6973783
1492512
11273471
3084382
5562445
-1
934545
1459698
4709076
8434375
2198195
-1
-1
-1
-1
918143
11404773
48360
6612761
3461852
4971661
2395135
-1
-1
7400497
1312016
9189298
146838
4249586
1049441
-1
-1
-1
-1
-1
-1
9074431
81203
10059092
10223202
10059091
-1
-1
97621
1853598
3675221
1131514
10535021
4003439
-1
9271377
-1
9025214
3330597
-1
-1
-1
1147939
6186117
1574627
7843630
6760502
10059117
9763720
-1
-1
540741
7810814
-1
-1
2214667
9993482
7220024
-1
-1
-1
6350245
3100868
5890738
8976008
1262839
7384143
-1
6235375
-1
-1
-1
3314221
7466205
9484759
5841518
1147972
8729851
-1
-1
-1
5939990
-1
-1
-1
-1
-1
-1
-1
2313167
5185093
11568973
7105181
-1
-1
-1
-1
1689557
-1
8450891
-1
-1
-1
4200446
6547220
9172980
6087711
4216859
-1
-1
10453044
5661033
3609658
-1
5299994
5693858
3937883
2920401
9681735
639275
360287
3330681
6481591
1180836
9862259
2756300
11224367
-1
5644639
-1
-1
-1
-1
-1
-1
-1
8467339
4988207
-1
-1
-1
245433
2854783
-1
1361384
6596493
737766
-1
-1
-1
1509089
2969669
-1
8910453
9189440
4413841
1213697
9993581
5940064
-1
-1
6957552
5234398
-1
-1
-1
885487
6465228
1558340
6678573
-1
4463090
6104191
-1
-1
3593311
9780259
-1
-1
-1
-1
5135951
-1
-1
-1
360354
-1
-1
3905133
11716769
-1
-1
754225
-1
-1
1492723
-1
-1
8680744
-1
-1
-1
-1
-1
-1
-1
6859131
4758524
-1
2181999
-1
-1
-1
4151323
3921570
9353610
11076768
7778158
9698244
5464209
-1
2034312
-1
-1
-1
-1
10535215
7614057
9123870
-1
5218055
426043
-1
11060374
5874499
5628334
-1
-1
11470654
-1
-1
-1
2083566
7367909
-1
524524
-1
7597667
-1
-1
-1
-1
11011160
10010089
-1
-1
-1
3297995
-1
426072
-1
-1
4249838
-1
508132
-1
-1
-1
-1
-1
-1
721482
-1
-1
-1
1049706
-1
-1
-1
-1
-1
-1
1279467
-1
-1
-1
-1
3609834
-1
-1
-1
9205989
-1
1164601
-1
-1
-1
1574880
-1
-1
-1
-1
-1
6957694
1656942
6055091
-1
3215990
11290203
10453243
10912750
3298049
5070437
10223493
11405083
3150350
11126101
1312321
10190676
-1
1427204
2050822
-1
-1
7679799
5431493
-1
-1
2854969
5858183
475374
1016937
10683016
-1
11323051
5103283
-1
1197467
-1
1821087
-1
6695156
-1
7302365
9452207
918487
7646997
196404
573856
5743326
541039
9780426
3363734
8336260
9895314
11766169
-1
8861424
-1
-1
-1
-1
-1
-1
8122936
3101171
-1
4988438
11749771
10469714
32319
-1
-1
-1
-1
-1
4151486
2904250
5283847
4299185
7942430
10305616
7515746
11782604
-1
7614216
7138297
2625273
3101194
2707331
1460096
2740155
8336303
-1
11536454
2313473
-1
-1
1771913
-1
-1
-1
-1
9895363
11815451
-1
7663470
-1
-1
-1
-1
-1
130827
-1
8828659
9403045
4036649
229297
376998
3741253
7696300
2411965
1115497
5923917
-1
3478684
869336
-1
7482971
9813333
8976373
-1
-1
-1
11241096
-1
5743413
-1
-1
-1
-1
-1
-1
-1
-1
-1
-1
-1
-1
-1
-1
-1
2280708
-1
-1
-1
8566125
8402015
7778398
-1
-1
-1
-1
-1
-1
-1
-1
8664602
4315688
-1
-1
3134099
3134099
6498354
-1
10502642
-1
-1
-1
-1
-1
-1
11241144
9862621
-1
8516921
-1
-1
-1
2149457
3987490
-1
5382427
10962168
-1
-1
2871548
-1
10026746
9731349
4578295
6235806
-1
-1
-1
-1
4873700
-1
-1
-1
5891186
-1
-1
-1
-1
-1
-1
-1
-1
8943641
8828764
-1
-1
-1
-1
-1
6465587
65297
-1
-1
-1
4348573
-1
8205160
-1
-1
-1
3232631
3610085
8697496
8090290
4906557
9435994
11274027
-1
11602249
11536606
7959008
-1
5398895
4217304
-1
4036785
-1
-1
-1
-1
-1
-1
4168080
-1
-1
11815609
3413178
-1
1870546
5103514
475613
2412112
-1
5349683
1755674
377150
-1
-1
-1
-1
-1
-1
-1
4151690
9321156
1115657
-1
-1
-1
8992941
8188803
5842031
5480990
8697547
9042179
-1
9534511
-1
7286206
-1
-1
-1
-1
-1
1509540
-1
-1
-1
5628705
10601239
9813512
3774265
10190965
-1
8976555
-1
-1
-1
-1
-1
11553088
-1
295144
2428574
935173
1903425
-1
11175642
-1
-1
10420739
6055414
4283027
3478888
5743606
5710787
3019383
5448209
8385783
9600194
6679040
1017247
8287313
6039015
4742547
803908
7089320
7581645
9140688
11585939
1772162
754679
11011554
-1
-1
-1
-1
541344
-1
6875992
3593792
4578453
7745778
3856371
-1
10552062
-1
-1
-1
-1
2888130
-1
6432908
3659449
-1
-1
-1
393665
-1
-1
-1
-1
3446116
11602384
-1
-1
-1
-1
-1
-1
5382622
6843202
-1
-1
-1
3380485
4611311
8353020
-1
1690156
4955946
1197828
3003036
-1
-1
-1
-1
426517
81887
4873900
607040
-1
9813614
6990923
7909939
147536
-1
-1
-1
-1
-1
-1
7286330
-1
-1
-1
-1
11257797
-1
5038030
1903530
8418698
10010566
-1
-1
-1
3052306
-1
4119023
-1
-1
-1
10568550
-1
-1
10256744
3183603
-1
-1
-1
3347718
853247
8385896
4332381
-1
7384829
10256755
7696639
-1
-1
-1
9731608
7647412
5481161
475807
-1
-1
10059834
3003104
8582846
-1
-1
9895729
1952805
-1
7269972
-1
11750177
5792985
-1
-1
-1
10240370
869690
3413396
1378433
9272125
328130
2527205
8271057
7073053
9879333
8254649
-1
-1
2822611
-1
-1
4381659
-1
-1
6547914
-1
-1
-1
-1
-1
-1
-1
-1
-1
-1
-1
-1
-1
7270012
6843327
-1
10191173
-1
11684576
6121248
7860813
-1
-1
-1
-1
-1
4529388
9403456
8008522
9108057
229710
4184757
7450552
3085223
-1
-1
5070961
82017
-1
-1
-1
-1
-1
1936467
-1
-1
-1
-1
11060988
1148744
3364230
7631092
5842294
-1
-1
4611472
-1
1788782
689246
65629
-1
-1
-1
6334635
9863000
-1
-1
3577591
11290762
7204424
-1
-1
-1
-1
