7489184
2556881
-1
6819037
5838557
3756866
-1
-1
7012757
-1
11472978
-1
-1
-1
-1
-1
5203473
-1
-1
-1
-1
3252826
2712583
7010823
-1
-1
-1
10693559
6140664
8980039
6875147
1326901
-1
-1
7715007
3935362
5865395
-1
999077
-1
5370482
2939422
-1
4010633
-1
-1
4545725
-1
5728625
4763108
-1
-1
1628001
5315889
8197535
5612819
-1
11765829
-1
-1
-1
-1
-1
9416186
-1
7575853
-1
-1
-1
8700374
-1
2265178
7937741
5284979
-1
10472724
8582120
7446944
-1
8701627
-1
-1
-1
-1
-1
-1
4142644
-1
7736442
3534357
-1
8193448
1970333
-1
4681865
636222
-1
2120527
4525157
-1
-1
1691668
11412031
-1
-1
-1
10053387
2261090
6909870
1264115
-1
6886160
-1
-1
5515964
-1
-1
11088522
2948140
-1
5711860
120296
-1
-1
-1
-1
-1
5701539
-1
7674893
-1
10377146
-1
-1
9959329
-1
-1
11508159
806380
352741
-1
-1
-1
-1
-1
5659304
2839520
-1
5133497
-1
6581023
-1
-1
-1
848667
-1
5454013
-1
4166184
5489203
5112889
-1
9103734
-1
6384880
6833633
3450923
7852039
3451630
-1
-1
-1
4161288
5402613
11408189
-1
-1
8822444
-1
6565250
9180204
-1
-1
-1
4227284
10429781
-1
-1
-1
-1
3587039
3948921
-1
-1
-1
-1
10466891
-1
-1
-1
9038977
7496602
7855391
-1
-1
7329584
-1
4636268
-1
-1
1481757
2061143
4096375
-1
1598264
-1
11856716
-1
-1
7537860
8342325
-1
-1
-1
6033371
-1
-1
770384
8881262
-1
-1
-1
-1
3296340
-1
-1
-1
11758792
5984162
8887459
3233456
-1
9827481
-1
2664348
-1
4390158
-1
7095590
-1
-1
-1
4352103
-1
5781071
7945141
-1
-1
-1
-1
-1
-1
-1
1531298
-1
2467448
6701766
11418592
10587607
-1
-1
11630982
9746315
11474272
8369932
-1
434327
2139462
-1
-1
-1
506684
-1
-1
4966434
-1
1889827
-1
-1
6549201
-1
4324680
-1
6372904
6040675
3840538
229178
-1
9952541
7919410
4770991
-1
-1
-1
11476365
540549
-1
-1
-1
-1
7014203
-1
4938802
-1
-1
-1
8190580
6201637
9463867
-1
3909872
595208
-1
-1
-1
2187563
7799197
-1
-1
10505188
3565528
8976175
-1
-1
6459261
-1
106262
-1
-1
-1
-1
4937126
-1
-1
-1
11241338
10765017
11090704
9156659
-1
-1
-1
-1
-1
6779179
-1
-1
10091785
-1
9230902
-1
2076702
-1
-1
-1
-1
-1
-1
-1
4203756
-1
4689359
-1
-1
-1
-1
-1
-1
5832745
3103689
2926358
3340821
285969
1048910
-1
6096688
9770873
-1
104519
10295778
-1
767455
-1
-1
-1
7606082
3336712
9307178
9794898
-1
2286127
-1
9128726
5994637
-1
4524433
-1
8059734
-1
3727339
5502857
-1
-1
-1
-1
-1
4135757
5698754
-1
7663832
-1
7206080
-1
-1
-1
4608995
5839993
-1
-1
-1
5852386
-1
-1
-1
-1
-1
-1
-1
-1
11518771
11798173
-1
-1
9576371
-1
-1
9032006
-1
-1
10098063
4339755
3682152
-1
10099994
3907944
5592411
995021
8498990
-1
11264134
474720
8429917
11594057
8541267
3202750
8389712
2749112
3947864
-1
-1
6846283
3492468
1008790
-1
-1
-1
3340912
6550420
10125929
-1
2912014
-1
-1
-1
-1
-1
-1
-1
-1
-1
539703
-1
-1
-1
7581437
859318
6690655
-1
-1
-1
384032
3133110
3135773
-1
3558452
10371334
-1
-1
-1
1948792
5419209
11782779
980993
1805794
5951446
3850269
-1
-1
-1
-1
-1
-1
-1
4397738
4633792
-1
3923481
10535285
602632
-1
-1
8302143
-1
4785404
-1
9998142
8961988
8248289
-1
11230191
-1
3567801
9767205
-1
1488277
9995059
1559398
-1
-1
-1
4544167
9818764
7713439
9126737
86127
-1
6783501
5163805
11363039
3809073
416024
4844199
-1
-1
9288750
-1
266564
5014320
-1
-1
-1
-1
8361982
4755685
-1
-1
5048352
-1
-1
3613203
-1
-1
6775283
11544405
2135469
-1
7208307
-1
-1
-1
-1
-1
-1
4617411
6552599
7395688
-1
2754398
7431734
1391418
9219802
-1
7932085
2400771
10445665
2349223
-1
-1
-1
9722939
-1
-1
-1
-1
-1
-1
-1
3271746
3278167
-1
-1
5448069
8764122
-1
2769890
-1
-1
-1
11012621
5659788
6511395
6721720
-1
8699180
2321415
-1
9531200
-1
11398169
5897830
-1
8505360
-1
7862018
3409130
10003407
2285006
2942090
7733148
-1
-1
-1
10253947
-1
8940255
11267423
2087400
-1
-1
-1
3476161
-1
3629782
-1
-1
-1
8369129
7978545
11683960
6907338
3045213
-1
-1
1665738
11292186
3111077
-1
2487449
985283
893400
4422639
11172597
11846872
11742742
1284279
6331895
7024447
10271509
-1
-1
-1
-1
-1
-1
1058500
-1
6436198
-1
4813406
6671269
9034322
9690039
-1
-1
5161890
-1
-1
11813905
11606675
9125049
-1
4050479
-1
7085745
718171
-1
-1
-1
1060586
2941131
8399246
-1
-1
110830
-1
7919836
5775357
-1
5012419
-1
2145210
-1
-1
5478244
7158967
1445166
10518918
523187
-1
2482356
-1
11189153
-1
9278154
2930846
-1
8292048
8270146
9061176
-1
451297
1882029
-1
10131156
-1
-1
4491792
6362027
3144277
3048336
1867605
3777314
-1
-1
7810589
-1
1552421
6115628
-1
-1
-1
963725
-1
-1
10240666
-1
-1
4249528
11878929
-1
-1
-1
-1
1548270
-1
-1
-1
-1
-1
9379796
8554997
111108
-1
3541247
9670508
-1
3430933
5771185
-1
-1
5233125
1413271
6158965
-1
11107767
-1
-1
8944732
818391
-1
10816869
-1
5738327
10751050
-1
4902189
10241739
7082756
-1
-1
4017536
7132986
-1
11051081
-1
7701364
-1
5955883
11741856
5559661
11227389
-1
-1
-1
-1
10914769
-1
-1
-1
-1
-1
522527
270964
-1
5024563
-1
7435387
-1
9361297
400877
8772598
2508243
-1
3631004
9755145
-1
8558156
10689793
10498500
4773358
11635695
-1
8549210
2510740
-1
-1
-1
2352578
2110294
8588068
-1
-1
-1
7911736
-1
-1
-1
-1
-1
6280371
-1
-1
391631
-1
7126910
-1
4665130
-1
-1
5232183
-1
-1
5829135
-1
3225862
-1
-1
-1
57603
-1
9016995
-1
8088066
9646939
1939184
-1
-1
-1
11821323
-1
-1
104011
-1
11578908
3026899
-1
-1
-1
6762216
10371748
11160464
-1
-1
8045816
8206653
-1
5731224
10751164
720566
5778653
-1
-1
240092
2471209
4312576
4684768
1569087
-1
3257405
-1
3161986
9688217
-1
-1
409220
3854622
3855855
7494255
-1
-1
-1
3586769
-1
9219124
-1
-1
11578055
-1
-1
-1
-1
3932164
-1
-1
-1
-1
7326919
-1
5681702
-1
-1
-1
-1
-1
1259825
-1
5003388
8362387
9415039
-1
-1
6434319
4426034
9081868
-1
-1
-1
8371676
2896036
-1
5827002
-1
-1
1330983
3378550
-1
-1
-1
3518770
5433338
3681453
-1
9906549
7543799
2219512
-1
-1
-1
-1
-1
6767463
-1
-1
-1
10931676
454655
-1
-1
9979857
8539761
8744931
-1
-1
3755925
10052222
3615075
-1
-1
797991
8183045
-1
