-1
-1
10817259
903323
-1
-1
-1
6526494
-1
-1
9221540
-1
-1
8277709
10357169
-1
8417316
-1
8714781
-1
-1
-1
9376073
-1
9622435
8951105
1038844
-1
-1
-1
-1
-1
2677144
-1
-1
5054521
-1
-1
-1
455805
2578608
11034916
11211048
-1
-1
6540903
10213621
3740613
10307133
8372183
-1
-1
-1
-1
10634594
2647399
-1
10663339
-1
-1
8696568
1517228
5859324
11416608
3892552
361393
10642818
-1
-1
-1
-1
2773532
6719027
-1
-1
1289359
-1
4372967
7834326
6867364
1767713
7378563
9875012
5920935
-1
-1
-1
-1
-1
-1
4754838
2389173
6343862
-1
6606648
-1
8628855
11566699
-1
-1
7173282
7349841
-1
9688683
5411812
7171234
-1
-1
-1
5181881
10712664
-1
1638406
8766423
-1
-1
-1
10770155
-1
-1
-1
9283787
-1
10191215
-1
6007203
-1
11353217
1051264
-1
9684131
3939838
-1
-1
8489289
5625355
3867988
-1
-1
-1
-1
6327207
5543242
9829043
11681714
-1
1088236
-1
-1
1732881
-1
-1
10445816
1221359
3278480
7856986
-1
449764
-1
-1
-1
4951997
8386250
1558020
-1
-1
6711423
9150388
-1
-1
-1
4458759
-1
-1
7173356
-1
2116819
-1
-1
191108
9162719
9667758
1484035
-1
-1
8887622
7672247
3069177
10287771
4334072
-1
7776955
-1
-1
10569038
6136612
-1
-1
-1
-1
-1
-1
1297638
-1
1739095
7655842
4313559
-1
2012148
9515864
-1
-1
-1
5919012
-1
9597359
-1
-1
-1
2221368
-1
-1
-1
-1
-1
7957653
-1
148043
-1
5561806
-1
1560511
-1
6904108
-1
-1
-1
-1
3547822
-1
-1
-1
4814527
-1
10008619
-1
2437034
1632382
-1
7779066
8731659
-1
7684631
8327221
-1
-1
-1
1511265
3605326
4465534
11375629
-1
4140805
5721974
-1
-1
10700502
-1
-1
-1
1891083
7124181
4447070
8904134
-1
-1
4687275
-1
-1
-1
-1
-1
8518179
1361422
-1
-1
1057581
6752604
720891
10310455
7570017
-1
4650337
-1
3038734
-1
11513520
-1
-1
2199062
2190851
-1
-1
-1
5108168
2392050
-1
-1
-1
-1
-1
9825969
9111485
5158510
11010553
-1
-1
-1
10404922
-1
3098297
-1
-1
2049217
1167818
3283072
2849890
3083302
9331213
-1
-1
3283078
-1
-1
2256581
4496405
443784
-1
-1
6368745
-1
10603560
2507055
-1
-1
-1
-1
7187900
-1
11663442
-1
7750426
-1
11373973
3129126
-1
11484838
-1
-1
-1
1936339
2094099
-1
8863164
11554648
1811045
-1
5789827
-1
9993823
-1
-1
2024394
-1
7442499
10181202
9528386
-1
-1
-1
1457903
-1
5175995
6796081
-1
4650396
2291534
-1
-1
-1
-1
9768565
-1
-1
530068
-1
-1
6773244
-1
7270072
-1
6784292
-1
4165940
-1
-1
3330372
-1
1917910
8947383
7844838
7612935
-1
1642813
2661102
8959707
11675477
6986776
10257913
-1
5646170
3907280
11835967
2872570
-1
4387686
2059585
-1
5364917
3907288
-1
109240
-1
-1
3307550
552692
7559582
-1
9474951
-1
-1
7776744
-1
1338999
-1
6407858
7483631
-1
-1
1655167
-1
-1
-1
-1
-1
-1
3426913
6607011
-1
4611497
-1
-1
462
11189313
3281158
90797
2753539
9861026
-1
6992987
4712105
339216
7409749
606108
9323147
11365883
-1
-1
-1
11148269
9563354
-1
150351
6315511
8436261
10335169
-1
4691592
-1
-1
-1
11328625
-1
-1
9257471
4196827
-1
-1
-1
11232462
5525123
-1
-1
-1
-1
934620
10975419
5773543
41568
-1
10963530
2217087
-1
-1
-1
7424045
5282885
6650129
2480542
7194231
-1
3904355
-1
6520851
-1
-1
11853662
-1
-1
-1
-1
-1
4131168
2166448
-1
9450494
11577403
-1
6886300
836041
-1
5323970
1332442
7645269
-1
-1
5870073
8723744
5163583
5825250
2184915
456317
11823779
-1
-1
-1
7816327
-1
9041970
2554491
4582856
-1
-1
-1
-1
-1
1273426
-1
11127828
11805319
-1
-1
-1
-1
-1
11053494
4837444
-1
7438597
678069
-1
-1
1098937
3515319
-1
9425908
6288925
-1
-1
10661818
-1
-1
-1
5046867
3893082
-1
4600947
6145226
-1
9146714
9241153
721204
-1
8966054
-1
-1
534386
1694138
-1
-1
-1
-1
-1
9781043
-1
-1
-1
10811715
5137224
10286149
8662227
-1
-1
68372
-1
-1
-1
-1
5644325
4759483
11464582
-1
-1
4244184
-1
-1
-1
-1
-1
-1
-1
8881919
4515189
11119691
-1
-1
-1
6073421
8011205
-1
11014995
8849081
5264544
6691380
-1
9678497
-1
-1
-1
-1
11088913
4215470
9856820
9432145
9288436
-1
6943912
6826
2845342
-1
-1
1825788
-1
7816444
2240497
-1
4353036
-1
1630481
-1
-1
351744
1540432
9058219
2205606
7518177
11099204
3761783
-1
-1
-1
-1
-1
-1
-1
8003289
-1
5272801
-1
9705230
-1
6147383
-1
11123857
-1
-1
-1
9910538
-1
-1
9294231
-1
9152579
-1
-1
1661592
-1
220388
5471963
-1
-1
10737911
3172607
11045863
-1
9676514
-1
-1
7451065
3100759
-1
-1
-1
5223565
10748189
-1
8990823
3295802
8729941
856287
949226
-1
-1
-1
-1
-1
-1
3295812
5014174
-1
-1
5681210
-1
-1
-1
-1
-1
4919745
-1
8132692
-1
11281996
-1
-1
8557668
29507
-1
6383544
-1
1568705
4174519
-1
5182544
-1
-1
9031922
6194677
10932654
3648959
3211671
-1
4377777
-1
8863584
-1
-1
-1
7112379
-1
1571091
2702538
92637
-1
7297155
9676583
7003578
-1
3187053
-1
2493141
11455638
9233005
8849232
8801944
11557141
-1
934921
-1
5872388
11275885
-1
-1
2413087
1289759
-1
-1
696783
-1
11575581
-1
10448537
6397471
7523014
10608674
-1
6903011
-1
-1
5125116
11441423
-1
9945301
6106454
7163750
3349104
-1
2601243
-1
10191930
5968910
-1
725134
-1
3406770
-1
1912188
-1
-1
10756515
1162847
-1
-1
-1
-1
1932706
-1
-1
-1
7136210
-1
-1
11306732
5143627
2060022
1224045
10352091
10990575
-1
-1
-1
10448587
-1
-1
-1
-1
-1
4377872
10672371
-1
4574963
10479392
-1
-1
5705004
1875273
10376293
11197362
10844833
9506278
162986
7798184
5695560
5067696
-1
1924555
-1
-1
-1
-1
1573497
5767642
9438542
-1
9855303
-1
5256363
-1
4765920
-1
2427555
-1
-1
-1
5383879
9031972
1000726
-1
7968610
-1
-1
4203411
-1
-1
2725254
-1
5160114
6480194
2832014
4967135
-1
5061187
-1
1733664
-1
-1
8253963
6139406
5960796
4858336
10031897
3189249
-1
-1
11631188
-1
10883898
4901457
1045924
3657341
278104
6176374
8044605
-1
-1
7256256
-1
10904439
2439339
4334841
-1
2407076
-1
-1
6270421
5078033
-1
-1
1876103
10111993
4226043
-1
-1
-1
-1
-1
6839016
2466629
-1
-1
9392910
-1
2253122
8623582
6736242
-1
-1
-1
-1
4018709
-1
-1
7418480
-1
-1
-1
-1
-1
2443381
-1
11727735
9290622
-1
9931363
-1
-1
6242125
-1
-1
-1
-1
-1
11362313
2010899
-1
-1
5679613
2516632
2148455
-1
8420372
-1
10287110
8167856
6276841
-1
4316431
-1
2936817
8943896
5061674
1514091
-1
10477491
-1
-1
-1
-1
-1
9457156
3677962
-1
7884561
-1
-1
-1
9808226
7124956
-1
-1
9732269
1549012
37842
6482169
10125267
-1
-1
-1
10961761
5420978
1087096
-1
7757295
4718856
4647002
-1
-1
1267767
10871702
4154287
-1
5075498
-1
8174065
10953828
-1
436311
-1
-1
2238832
4920067
9407926
3488590
584134
5681734
-1
-1
8198437
-1
-1
7371359
-1
7135113
680511
-1
-1
11298754
11311073
6552220
-1
11660086
7414483
-1
2049996
-1
-1
-1
5363103
1745550
4452012
11038037
6925879
6108786
988605
1095362
-1
-1
1988420
-1
3657511
5588231
6472176
2013061
5012495
9272471
2314855
8982945
10641825
-1
-1
1208293
-1
-1
6147814
-1
-1
-1
-1
-1
4905755
-1
11466881
-1
6117029
-1
9418255
11415825
-1
-1
8160339
-1
-1
-1
5942534
8410241
-1
-1
1078981
-1
9449064
8533427
1045156
-1
-1
2253304
-1
10272324
3932661
-1
-1
-1
4959165
9159604
873697
-1
-1
563697
1594304
8603247
-1
-1
121814
-1
1392996
-1
-1
10101945
6790185
-1
5419055
1612542
-1
9674927
8749025
976368
-1
-1
10337877
-1
10912893
-1
4447998
8771617
9836015
9477851
6139674
11828538
-1
8870167
4579116
-1
-1
2916471
4484964
10416082
-1
-1
5119345
10978106
4113377
-1
-1
1577925
-1
-1
-1
-1
-1
-1
-1
7626071
6835667
-1
-1
-1
-1
1191581
-1
2386823
5152215
6015163
-1
-1
9916877
-1
1504040
3542670
3300417
10271923
-1
-1
-1
10706444
9634627
-1
-1
-1
-1
-1
7092320
773187
8642277
-1
-1
-1
-1
-1
-1
11692914
8673140
3635079
11159325
8484267
-1
9691433
-1
2109706
-1
-1
-1
-1
3828072
-1
8823023
5626503
-1
-1
10346353
7256589
-1
6079016
9381447
5300084
-1
11089546
5044467
5139954
11767013
-1
-1
71101
-1
6575007
5090689
-1
8363013
-1
8083967
-1
5242390
-1
-1
-1
-1
9697632
1980378
-1
-1
8447359
11126525
4238711
8849750
-1
11343691
5895486
-1
-1
-1
1392851
-1
-1
-1
-1
988825
3877397
9783879
-1
1840138
11387275
-1
2037915
-1
11255887
-1
7533800
7137572
1920900
-1
-1
10865014
10529133
-1
1280370
-1
-1
-1
-1
-1
-1
9853615
6981559
-1
6193209
-1
-1
-1
4858763
11011605
1422043
-1
8548008
10270476
-1
6256863
1910663
4234660
-1
-1
-1
-1
4242877
-1
225158
-1
9942009
-1
-1
11466899
-1
-1
6382113
-1
8788231
-1
7024604
1124385
-1
3265372
-1
4201836
-1
42460
8925792
9102351
-1
-1
2068776
-1
-1
6940548
3978070
-1
5749592
-1
-1
-1
-1
-1
2462964
-1
-1
-1
10715965
10904905
2062100
4569349
-1
10744775
-1
-1
5673868
-1
-1
5575327
-1
2467087
-1
923233
-1
5930502
-1
10369090
-1
3421740
10775587
-1
-1
-1
11816462
-1
10093997
-1
-1
6020848
-1
-1
-1
9094193
-1
-1
-1
9492479
2380888
-1
2364466
-1
10711840
-1
-1
4245019
-1
8683607
9619776
8309963
-1
1970301
7248565
-1
1074899
10079655
-1
-1
7004264
-1
1729037
-1
9866150
2931117
202245
-1
-1
-1
10057085
481894
11671946
8652836
8311946
1939528
-1
-1
-1
-1
-1
-1
6959120
9202426
6310374
1972386
11532372
-1
-1
4456520
-1
1382446
5329048
2089415
1220418
-1
2711477
-1
-1
-1
7521410
-1
4910090
-1
7901469
-1
-1
-1
9441223
-1
-1
-1
8248434
1317507
9231823
-1
10987140
-1
-1
9430969
-1
-1
2532892
-1
-1
-1
687249
10658671
11579846
4096593
5152528
-1
3473176
-1
-1
3144699
10295299
-1
2360305
8672840
-1
-1
-1
4011073
516506
-1
104217
6423352
-1
-1
-1
2091526
-1
100118
-1
9927831
9398158
-1
-1
3321281
-1
3892017
-1
-1
6238599
-1
11726251
-1
514839
-1
1912934
4639319
-1
-1
8310086
-1
3212489
1340154
4797407
-1
11252041
7116717
-1
-1
-1
7807112
-1
-1
9377660
2438521
4637285
-1
11642123
2747686
-1
-1
1095866
-1
-1
-1
-1
-1
-1
-1
-1
11496373
-1
-1
-1
10808195
-1
-1
-1
-1
-1
8221848
7809196
8971195
-1
-1
-1
-1
-1
-1
7616222
-1
-1
-1
11590253
7942654
5979987
2475517
1350474
-1
6189397
1787766
-1
-1
-1
-1
-1
-1
7404781
5571583
-1
-1
-1
2442351
-1
-1
7868767
1234581
11122774
-1
-1
812611
-1
11500095
-1
-1
-1
8940444
-1
7575201
-1
-1
-1
3863187
2247671
-1
9558406
-1
8474001
-1
5495353
547794
8556548
-1
6630182
10597233
3372727
-1
993302
-1
1781140
-1
9745245
-1
9964918
-1
10036253
9256131
-1
7476687
-1
11032485
5789124
-1
3470497
8813196
2970359
-1
5479127
-1
-1
-1
-1
568356
621735
2728114
-1
-1
-1
131073
9665206
-1
4524496
3159198
-1
-1
798305
6218226
-1
-1
-1
-1
-1
-1
10513109
5167098
-1
-1
-1
11656635
4082568
5863071
-1
11770763
10428946
9104762
-1
9970610
-1
4754459
7749787
-1
-1
-1
3212661
8373904
-1
-1
-1
-1
-1
3091541
-1
-1
-1
-1
10913476
-1
-1
-1
-1
6208005
10408444
-1
2754862
-1
4738062
2730229
5766617
6947093
-1
-1
301535
10257896
-1
-1
-1
6659681
-1
-1
2260105
9891107
-1
4040059
3095069
-1
-1
4914641
-1
-1
1874151
8957002
16188
6310687
-1
-1
5082592
-1
-1
4160550
-1
-1
168120
11340547
-1
-1
-1
7638992
-1
-1
-1
-1
1176153
10312004
11818907
-1
10622010
9700214
-1
-1
2108970
1629875
4604673
-1
10293538
2611213
2087699
-1
5653504
9862413
-1
-1
-1
-1
-1
-1
5739996
-1
7497366
-1
-1
10094414
-1
2808319
-1
10084153
-1
9583223
720423
-1
9503159
-1
1116270
-1
-1
-1
-1
-1
-1
-1
8581372
-1
6872094
6565329
-1
-1
-1
7156597
-1
-1
-1
1360982
-1
-1
10585114
7289379
-1
6013086
-1
-1
2140305
8979675
-1
-1
3105892
-1
7459612
-1
-1
5887865
-1
272912
3225127
-1
-1
-1
-1
6860995
1853729
4093553
3391301
8967377
3545405
8985856
-1
-1
-1
-1
1405643
7382469
-1
10620052
11014229
-1
6518161
-1
-1
-1
-1
-1
3393285
-1
-1
-1
7359901
5311008
1490376
3258010
69702
7240832
-1
3623448
3198478
272954
3301130
4992803
2259887
11070666
4955618
-1
-1
927869
5963879
-1
-1
5168833
455684
4288636
-1
8932524
-1
-1
-1
9012595
-1
5879690
-1
6177406
3245723
-1
-1
-1
-1
-1
-1
5905536
-1
-1
-1
4691046
7444120
490309
-1
-1
10928065
-1
-1
8805266
7645322
-1
3699458
-1
-1
-1
1022350
3313499
-1
3613090
-1
-1
-1
-1
3967949
4658222
6663987
-1
-1
5401412
-1
-1
-1
-1
-1
36929
-1
-1
3040471
9197419
3483921
5939310
11585061
-1
1108124
3442866
-1
3915058
5487657
443437
-1
7020630
2578560
-1
11773331
3167774
8016961
-1
3303275
-1
