7489184
2556881
-1
6819037
5838557
1889827
5370482
1326901
9103734
-1
11472978
-1
-1
-1
-1
-1
5203473
-1
-1
-1
-1
3252826
2712583
7010823
5454013
-1
-1
10693559
6140664
8980039
-1
7446944
-1
-1
7715007
3935362
5865395
-1
999077
-1
-1
2939422
-1
4010633
-1
-1
4545725
6040675
6459261
-1
-1
-1
1628001
5315889
8197535
5612819
-1
11765829
-1
-1
-1
-1
-1
9416186
3840538
7575853
-1
-1
-1
106262
-1
2265178
7937741
5284979
-1
-1
8582120
-1
-1
-1
-1
-1
-1
-1
-1
-1
4142644
9770873
-1
3534357
-1
8193448
1970333
-1
4681865
636222
-1
-1
4525157
-1
-1
-1
-1
-1
-1
-1
10053387
2261090
4966434
995021
1264115
6886160
6909870
5701539
5515964
-1
-1
11088522
-1
-1
5711860
-1
-1
-1
-1
-1
-1
-1
-1
7674893
-1
10377146
-1
-1
-1
-1
-1
11508159
806380
352741
2139462
-1
-1
-1
-1
5659304
2839520
-1
5133497
-1
6581023
-1
-1
-1
848667
-1
-1
-1
8549210
5489203
5112889
4390158
-1
-1
-1
6833633
3450923
3947864
-1
-1
-1
-1
4161288
5402613
11408189
2061143
6201637
8822444
-1
10466891
9180204
-1
-1
-1
4227284
10429781
9278154
-1
-1
-1
3587039
3948921
-1
-1
-1
-1
-1
-1
-1
-1
9038977
7496602
7855391
1948792
-1
7329584
-1
-1
-1
-1
1481757
-1
4096375
10295778
1598264
-1
11856716
-1
-1
7537860
-1
-1
-1
-1
-1
-1
-1
770384
8881262
-1
-1
-1
-1
3296340
-1
-1
-1
11758792
11090704
8887459
3233456
5984162
-1
-1
2664348
7024447
-1
-1
7095590
-1
-1
-1
4352103
9128726
5781071
7945141
2510740
-1
-1
-1
-1
-1
-1
1531298
-1
2467448
5448069
11418592
10587607
2135469
2076702
11630982
9746315
11474272
8369932
3727339
434327
5419209
4339755
6701766
5592411
-1
-1
-1
-1
-1
7431734
-1
-1
6549201
8976175
8248289
-1
6372904
-1
-1
229178
-1
9952541
11544405
7919410
-1
-1
-1
11476365
540549
-1
-1
-1
-1
7014203
2285006
4938802
-1
-1
-1
8190580
-1
9463867
10099994
3909872
595208
-1
-1
-1
7395688
9126737
-1
-1
10505188
3565528
-1
-1
-1
-1
-1
-1
-1
-1
-1
-1
9307178
-1
-1
-1
11241338
10765017
-1
9156659
-1
-1
-1
-1
-1
6779179
-1
-1
10091785
-1
9230902
-1
-1
-1
-1
-1
-1
-1
-1
-1
4203756
-1
4689359
-1
-1
-1
-1
-1
-1
5832745
3103689
2926358
3340821
285969
1048910
3271746
6096688
10689793
-1
104519
11363039
3615075
767455
5728625
-1
-1
7606082
3336712
-1
9794898
-1
2286127
-1
-1
5994637
-1
4524433
-1
8059734
-1
5839993
5502857
7663832
-1
-1
-1
-1
4135757
5698754
-1
-1
-1
7206080
-1
-1
-1
4608995
-1
-1
-1
-1
5852386
-1
-1
-1
-1
-1
-1
-1
-1
11518771
11798173
6875147
-1
9576371
6846283
-1
9032006
-1
-1
10098063
-1
3682152
-1
-1
3907944
8940255
1882029
8498990
-1
11264134
474720
8429917
11594057
8541267
3202750
1867605
8389712
11398169
506684
2749112
2912014
3492468
1008790
3340912
3558452
9288750
523187
6550420
10125929
4633792
3257405
-1
-1
-1
-1
-1
-1
-1
-1
-1
539703
-1
-1
-1
7581437
859318
6690655
8270146
-1
-1
384032
5024563
3135773
8369129
8342325
10371334
-1
-1
-1
5559661
5897830
11782779
980993
1805794
5951446
3850269
110830
2948140
11012621
-1
-1
-1
-1
4397738
6331895
-1
3923481
1559398
602632
10535285
7713439
8302143
416024
4785404
7132986
9998142
8961988
-1
-1
11230191
-1
3567801
5478244
9767205
1488277
9995059
-1
-1
-1
-1
4544167
9818764
10131156
6280371
86127
3111077
6783501
5163805
893400
3809073
4770991
4844199
-1
-1
-1
-1
266564
5014320
-1
-1
-1
-1
8361982
-1
-1
-1
5048352
-1
-1
3613203
-1
-1
6775283
-1
-1
-1
7208307
-1
-1
-1
-1
-1
-1
4617411
6552599
718171
-1
2754398
-1
1391418
9219802
-1
7932085
2400771
10914769
10445665
2349223
-1
-1
9722939
-1
-1
-1
-1
-1
-1
-1
-1
3278167
-1
-1
-1
8764122
-1
2769890
-1
-1
-1
-1
5659788
6511395
6721720
-1
8699180
2321415
7326919
9531200
-1
7126910
-1
-1
8505360
-1
7862018
3409130
10003407
-1
2942090
7733148
10816869
-1
-1
10253947
-1
-1
11267423
2087400
10518918
-1
-1
3476161
-1
3629782
-1
-1
-1
4324680
7978545
11683960
6907338
3045213
-1
-1
1665738
11292186
-1
-1
2487449
985283
5771185
4422639
11172597
11846872
11742742
1284279
-1
-1
10271509
-1
-1
-1
-1
-1
-1
1058500
-1
6436198
-1
4813406
4937126
9034322
9690039
3048336
6671269
5161890
120296
9906549
9125049
11606675
11813905
-1
4050479
-1
7085745
4755685
7799197
-1
-1
1060586
2941131
8399246
-1
-1
-1
-1
7919836
5775357
-1
5012419
-1
2145210
-1
-1
-1
7158967
1445166
-1
-1
-1
2482356
1548270
11189153
-1
-1
2930846
3854622
8292048
-1
9061176
-1
451297
-1
-1
-1
-1
-1
4491792
6362027
3144277
9670508
4017536
3777314
-1
-1
7810589
-1
1552421
6115628
-1
-1
-1
963725
-1
-1
10240666
-1
-1
4249528
11878929
11578908
-1
-1
-1
3681453
-1
-1
-1
-1
-1
9379796
8554997
111108
2120527
3541247
-1
-1
3430933
8700374
-1
-1
5233125
2219512
6158965
1413271
11107767
-1
-1
8944732
818391
9979857
-1
-1
5738327
10751050
2187563
4902189
10241739
7082756
-1
-1
9081868
5827002
-1
11051081
-1
7701364
-1
5955883
11741856
1691668
11227389
-1
-1
-1
-1
-1
-1
-1
-1
-1
-1
522527
270964
-1
-1
-1
7435387
-1
9361297
400877
7736442
8772598
2508243
3631004
9755145
-1
8558156
10472724
10498500
4773358
11635695
-1
-1
-1
-1
-1
-1
2352578
2110294
8588068
-1
-1
-1
7911736
6565250
3451630
-1
-1
-1
6434319
-1
-1
391631
-1
-1
-1
4665130
-1
-1
5232183
-1
-1
5829135
4636268
5681702
3225862
-1
-1
57603
-1
9016995
9959329
240092
9646939
1939184
8088066
-1
-1
11821323
-1
-1
104011
-1
-1
3026899
-1
-1
-1
6762216
10371748
11160464
4763108
-1
8045816
8206653
11412031
5731224
10751164
720566
5778653
7012757
6384880
3133110
2471209
4312576
4684768
1569087
3756866
-1
-1
3161986
9688217
-1
-1
409220
4166184
3855855
7494255
-1
-1
-1
3586769
-1
9219124
-1
-1
11578055
-1
-1
-1
-1
3932164
-1
-1
-1
-1
-1
-1
-1
-1
-1
-1
-1
-1
1259825
7852039
5003388
8362387
9415039
-1
-1
-1
4426034
-1
-1
-1
-1
8371676
2896036
-1
6033371
-1
-1
1330983
3378550
-1
-1
-1
3518770
5433338
-1
-1
-1
7543799
10052222
-1
-1
-1
-1
-1
6767463
-1
-1
-1
10931676
454655
-1
-1
8701627
8539761
8744931
9827481
-1
3755925
-1
-1
-1
-1
797991
8183045
-1
