6562499
11727240
-1
-1
-1
7533967
11217815
963272
3730098
-1
688642
-1
-1
-1
-1
-1
2516802
11534603
-1
10046668
-1
-1
-1
118894
-1
1676516
-1
-1
-1
4463840
-1
-1
6402670
-1
-1
1918367
-1
-1
-1
10780409
11287952
-1
-1
5910801
5692385
-1
6710109
-1
-1
-1
5980491
-1
5708805
7242986
155816
3976085
-1
-1
118362
-1
5689472
5586998
-1
-1
-1
-1
8726837
9353985
138740
5714075
-1
-1
-1
-1
-1
8230547
-1
-1
-1
-1
-1
-1
6660957
-1
-1
11788809
3197306
11346119
8817037
-1
-1
-1
3746578
-1
11399044
8599587
7640632
5562440
11710941
8316970
4566386
-1
-1
-1
9993466
7169256
6300269
-1
6624092
-1
459198
-1
5832601
5214041
9563081
-1
-1
10177934
7611961
-1
11452500
7620162
-1
8656221
-1
-1
11514217
-1
3738416
-1
783039
3069693
2244024
10837889
-1
2906326
7046317
-1
-1
-1
4763178
533011
8714616
-1
-1
8743312
889629
221493
-1
8709283
10583768
-1
-1
-1
1791417
-1
-1
-1
-1
-1
569921
8734639
-1
-1
-1
3138779
-1
2193132
-1
4857484
9964839
196923
-1
-1
-1
-1
-1
5177214
-1
-1
2070175
-1
-1
4451697
-1
1171029
9190144
3184470
3299883
11083885
-1
602744
11599652
2066089
5426710
9882884
-1
3205254
-1
-1
4890307
-1
11706946
918379
-1
6989000
11596277
-1
11797130
9374622
4664872
49399
1397971
7521878
1746388
2652268
-1
7722733
7547573
-1
450142
8857049
10915859
-1
-1
9817330
463034
-1
-1
8382684
9776345
-1
-1
5984773
6083126
3282964
-1
11649595
-1
3291637
6095396
11473342
8329410
-1
-1
3947582
705274
8911281
6878370
4742792
512147
-1
515894
-1
-1
7009545
6127564
-1
-1
-1
533126
-1
-1
2090753
-1
250304
1853014
8951450
4115664
-1
552806
-1
4591152
3360251
-1
8718848
6168958
5915134
7456359
-1
8034320
-1
-1
-1
-1
-1
2553963
-1
-1
-1
4894496
-1
3320482
-1
-1
-1
-1
-1
-1
9120574
3691035
8640993
-1
-1
-1
-1
-1
4878117
-1
-1
-1
-1
-1
-1
10862664
-1
-1
-1
10387184
4640387
-1
4046034
-1
9534597
-1
-1
-1
-1
1385790
-1
-1
4807020
-1
8333600
-1
-1
9452630
9489522
4000962
10952867
697120
-1
11194711
-1
-1
6156893
2664696
-1
4919148
-1
-1
-1
6324304
9497736
-1
8337721
2623716
-1
-1
9140241
10969284
779171
2615524
-1
6349542
-1
898047
2123649
1922799
-1
8559082
3561091
9452666
-1
-1
10169994
-1
-1
4935574
-1
-1
1517011
10616792
3193504
570145
11772713
-1
5206117
-1
-1
-1
-1
5898853
-1
-1
1111224
-1
1689185
-1
11420213
2824611
4312549
-1
-1
6430702
11653862
7653239
-1
-1
-1
-1
-1
742331
-1
6451477
3651535
852033
-1
-1
-1
4751799
11834234
-1
2427031
-1
5431600
3882179
4451941
-1
-1
7198274
-1
-1
-1
6492451
3693142
7854120
-1
5837414
-1
6476832
2250792
-1
6606051
2890239
-1
11867051
-1
-1
5423426
-1
8489480
2525436
6989248
565760
6890874
6538304
-1
541526
-1
-1
-1
-1
4218334
-1
1180977
10477510
5393015
-1
-1
2021277
5661190
6767921
4587852
-1
869463
-1
-1
6300641
-1
3078829
-1
988109
-1
10338162
11473586
6598883
11764617
11403906
-1
7194235
-1
-1
-1
9944668
-1
7698418
6247373
10804074
-1
7063077
2152476
11658058
9911885
7952564
-1
5124256
-1
7677935
-1
2099198
-1
-1
10604626
-1
-1
422713
8571526
1570435
-1
11854828
-1
6672498
8538740
6676485
-1
-1
4718476
10830086
-1
-1
10838287
-1
3898682
3169061
-1
-1
5681751
9661881
3997064
-1
-1
-1
5632569
-1
447336
5915403
4169230
-1
6411385
-1
9186410
6940159
-1
558018
6468777
8542872
2418967
11412174
-1
-1
3951377
4685719
2328795
6759190
3959073
-1
-1
7739480
9570853
-1
-1
9526648
11801594
-1
-1
-1
-1
5296486
10096416
11252335
-1
-1
-1
-1
2181253
-1
-1
-1
1029438
-1
-1
5419470
-1
6202381
-1
6911510
-1
1201605
-1
-1
1634347
1488539
8174009
1238104
-1
-1
-1
-1
2390326
-1
9206965
-1
-1
-1
-1
-1
10440770
9420120
-1
8149432
5003674
2189488
-1
-1
-1
-1
2033731
-1
7928095
-1
-1
10018588
4099368
-1
2861737
-1
-1
-1
11238851
6977138
-1
10178459
9722975
-1
9726834
-1
-1
2157717
10301436
6934911
1595162
652393
-1
-1
611406
-1
9066977
9185963
6595950
4542352
-1
-1
-1
-1
-1
-1
-1
7321482
865558
-1
-1
-1
11477873
10133402
-1
-1
-1
11035186
-1
-1
-1
3374159
4661246
-1
-1
1406309
-1
-1
-1
5021965
9821139
1417708
-1
-1
4226306
11215560
6546800
-1
2300238
7411692
-1
-1
923097
9752225
4246248
-1
-1
-1
8657797
-1
-1
1459048
-1
-1
9870258
-1
-1
3452076
-1
4210393
4279628
5858193
2583093
1218127
-1
-1
-1
9682566
-1
6841961
-1
-1
11506626
-1
-1
7111435
-1
7115880
11354969
7120584
3255347
-1
3041262
-1
9391554
10690938
9935654
9706954
-1
-1
968115
2111737
-1
-1
-1
3734343
-1
742677
4357081
509036
-1
-1
-1
-1
734486
-1
-1
7501938
-1
8149582
8411919
-1
9989773
7493746
-1
-1
-1
-1
-1
5763974
2968457
9166146
-1
767297
-1
1705970
7756095
-1
-1
8174196
-1
-1
2558569
-1
6815077
4550686
2259346
10826257
-1
-1
6135535
1643859
-1
-1
-1
5263922
-1
3620225
-1
-1
2050311
1554225
-1
-1
5489376
-1
8957132
-1
-1
-1
-1
3390695
-1
6538729
-1
-1
7075483
-1
-1
-1
837027
-1
8912059
-1
-1
3808807
10633643
1718108
9760558
7324412
-1
-1
-1
8920268
-1
1714228
-1
3132484
6719110
4563037
5075413
11166528
10153365
-1
-1
-1
7618418
-1
-1
2611923
-1
3251369
-1
-1
-1
-1
-1
4509768
-1
-1
3230883
9481859
1824928
7394934
4594729
-1
10781247
-1
-1
-1
7625021
9539255
10063928
1902820
-1
6522395
-1
-1
9383500
3915435
7083963
-1
-1
-1
8612894
1263388
7563552
-1
-1
-1
-1
-1
-1
-1
-1
3730996
-1
2456209
11515000
-1
-1
8209195
-1
-1
9879505
-1
-1
-1
3431782
6305182
6160420
-1
-1
10051672
-1
3935966
-1
-1
-1
-1
-1
-1
-1
-1
10321978
6698702
-1
-1
8485869
3743327
3612160
8768703
1685632
-1
-1
1938708
-1
-1
9186808
10100886
-1
9166316
-1
8002202
11789679
-1
-1
10203369
-1
-1
-1
-1
2501353
-1
10383273
1497101
10387312
4554957
3808940
1988161
-1
255110
-1
-1
-1
7603575
-1
-1
9002383
-1
1128206
7616142
5473148
-1
-1
-1
-1
9125362
-1
-1
-1
-1
-1
11392115
6772543
-1
-1
-1
7530862
2125723
-1
1570919
3833568
9129477
11394399
2061499
3993433
-1
-1
2070232
357624
2394828
-1
-1
4882817
7489889
2911307
7744029
-1
-1
11232281
-1
6178216
-1
7616967
-1
10510106
7059506
3541730
-1
-1
2657184
-1
1902970
-1
-1
8465472
-1
-1
-1
-1
-1
8166251
2140247
10546835
7747335
11642207
-1
10554782
-1
7096420
-1
3349936
6280722
9178716
-1
972520
11716000
-1
5014137
5944611
11699608
-1
7674392
7010355
2185263
-1
-1
6551271
-1
11133955
6600462
-1
11588947
9473864
9887864
-1
-1
-1
5788868
-1
10184727
-1
-1
-1
10732268
-1
-1
2263737
-1
-1
5823803
4583775
3587719
10777366
-1
-1
-1
8703276
-1
8830347
7026788
6432434
-1
-1
-1
-1
7797406
-1
-1
8904139
10154335
-1
-1
-1
-1
-1
-1
-1
2538401
-1
-1
-1
-1
8826272
-1
-1
10028828
-1
-1
2626766
-1
-1
2554811
10732065
-1
-1
-1
6399678
-1
-1
-1
-1
5194577
5148314
-1
9519025
-1
-1
-1
-1
-1
-1
-1
-1
-1
1280045
-1
9801868
-1
8449200
-1
-1
-1
11645156
-1
-1
224497
5661888
5682384
-1
-1
8908300
-1
7231811
-1
-1
9867471
7141637
7559736
7908152
4178063
-1
-1
-1
2430817
11482486
7846674
10842357
-1
10933224
9109170
-1
2447487
10297883
-1
5575837
-1
8244288
3723092
-1
-1
-1
4809331
-1
-1
-1
-1
-1
-1
7125273
-1
-1
-1
-1
-1
-1
1370284
11466534
624268
5304715
6198910
5308374
8768985
3337811
8846868
-1
-1
1649027
-1
5817712
9867525
1403091
8516598
-1
-1
-1
8699316
-1
-1
-1
-1
2079436
9822448
3083693
-1
7904119
-1
-1
-1
-1
-1
-1
10884099
5374181
8177920
1235056
-1
521832
476744
6407998
3473115
3846125
-1
-1
3780544
-1
-1
1239167
6662145
-1
-1
952241
-1
-1
8186947
-1
-1
6080096
-1
5243722
-1
-1
3161613
10933318
-1
10412747
1895026
-1
-1
-1
-1
-1
-1
-1
2656732
9502779
-1
8084527
-1
11307940
-1
-1
-1
-1
-1
-1
-1
-1
7670539
735032
6010446
-1
4661877
-1
7748426
7363121
9860551
3702716
-1
-1
-1
-1
2713964
-1
-1
1915560
-1
10949758
-1
10220138
-1
9588894
-1
-1
3969168
4247901
3620755
5546057
8350027
-1
1702427
-1
8358253
-1
1538471
10781717
8978158
11527737
-1
-1
-1
-1
367916
-1
-1
-1
8387301
10859610
8390920
11421175
8395260
-1
-1
5599678
6436796
-1
-1
-1
5219397
-1
-1
6494189
8141988
-1
3702773
1858224
11462182
-1
-1
10462029
7289404
-1
-1
-1
-1
-1
-1
6469611
-1
-1
5928546
976955
10367765
-1
-1
2620658
-1
3485549
-1
-1
1390963
5731805
8481504
1579520
7932971
-1
2891203
11293626
10265306
-1
-1
-1
11773742
-1
3547051
-1
-1
-1
-1
11749155
-1
-1
-1
-1
7567478
-1
-1
7342738
-1
-1
7158286
10154656
-1
-1
11814754
1915670
-1
5751353
579399
4402447
8207640
292472
8252731
-1
11347478
9199603
-1
1575465
-1
7678878
8978262
2698595
3739742
-1
-1
-1
-1
-1
-1
-1
2996614
-1
-1
1784530
10843321
-1
-1
5067833
3012995
-1
-1
8978283
989333
11428632
9747256
1923908
-1
-1
272014
-1
-1
-1
-1
242531
-1
6539392
6629571
-1
10601504
-1
4088195
10183409
-1
313019
10601510
-1
8158508
3575827
-1
3518443
8051938
-1
-1
-1
7277231
10097344
4649774
739329
3219225
-1
-1
2001825
9712045
-1
-1
10277710
-1
5916246
-1
10880267
288422
4834244
-1
-1
5740126
1866572
5514683
5936805
9597289
-1
-1
5943743
7441219
-1
-1
-1
-1
-1
10855692
-1
1723122
858234
-1
5859016
8945564
3497994
-1
-1
-1
9781765
-1
-1
8789436
9986719
-1
2924144
-1
-1
5969704
9769478
-1
-1
3108606
11159043
-1
7789667
8818140
-1
3600492
-1
-1
-1
11252959
370485
-1
530348
-1
-1
7613423
3853306
-1
-1
3338170
-1
-1
6055787
4617062
6059748
4973677
-1
-1
1690381
-1
-1
11089391
-1
-1
-1
-1
-1
5236025
-1
-1
-1
8564417
-1
-1
496483
5740210
6264883
3989939
6482132
-1
-1
10568838
7076491
3569361
7687244
5334419
-1
2747952
-1
10995142
5277038
10359799
8568537
-1
-1
-1
4260492
1977350
9949906
3916179
7269162
11851845
8392290
-1
7916808
-1
718966
-1
173801
3338230
-1
-1
-1
10606950
-1
-1
-1
3386252
6396093
1342027
-1
5305762
-1
-1
1653556
-1
11810069
-1
7392160
-1
-1
3157896
1546990
-1
-1
-1
-1
3420238
627768
-1
9933552
-1
-1
-1
-1
4309729
-1
1768351
8900612
-1
2485679
-1
-1
-1
660323
-1
-1
4994274
7994743
8822742
11879642
-1
-1
-1
4857622
-1
3087858
6551904
-1
399307
-1
-1
7297927
8441549
-1
8154621
-1
4527008
-1
6875737
-1
9120806
-1
-1
-1
3525591
-1
825621
-1
-1
-1
5191060
10327108
5334527
-1
-1
-1
3744119
5449304
10663233
-1
-1
-1
-1
-1
-1
-1
-1
4404069
9179188
4674605
6453572
6383242
6683118
10519783
-1
-1
3592292
-1
9716384
7079348
-1
6260930
-1
5748557
4674620
3252268
10753439
-1
3616239
-1
5155828
2748097
-1
11712612
2670219
10003331
-1
10528005
3881033
837428
8617874
5273091
5211607
11626543
-1
-1
-1
8507208
1161801
9577049
2600552
9462279
-1
3572018
-1
-1
-1
3342478
-1
10093533
10048445
-1
-1
-1
8011246
-1
9296976
10708391
1665998
4818130
9305996
2600573
-1
-1
3819452
-1
-1
-1
-1
2633373
3722862
9113894
8134234
-1
2223478
-1
-1
-1
11319163
6248701
10232930
8474460
-1
-1
4326275
-1
-1
1413702
-1
-1
10040287
-1
9371761
7232475
-1
-1
-1
-1
-1
-1
3784783
-1
-1
-1
-1
-1
-1
11368380
-1
1001768
-1
7621898
-1
-1
-1
5683075
3817262
9204118
776575
4400092
-1
1444715
-1
11880771
9626322
11634833
8179377
2576045
-1
-1
4990359
219124
-1
-1
9457694
-1
-1
-1
-1
9048378
-1
-1
-1
-1
11257744
-1
-1
821441
-1
6773443
-1
10044447
-1
8302374
4199276
137168
-1
1846453
-1
-1
-1
-1
-1
9429609
4723958
11024122
3108954
1120694
-1
9150883
-1
-1
-1
1825974
2166192
9581284
9544381
2280967
9519802
502003
-1
6752504
235571
6884150
10483073
-1
-1
6763929
-1
8927037
-1
10401100
616788
-1
9802649
-1
-1
3346727
2572017
-1
3117186
-1
-1
1194256
6543954
-1
8253239
-1
-1
-1
7339166
2252308
9700192
1214921
-1
7109627
-1
5744662
11860371
-1
8462302
-1
-1
2674517
-1
8380327
8040111
-1
-1
11483274
-1
-1
-1
6859181
9663053
-1
-1
-1
317607
-1
-1
7048168
-1
-1
1207096
11733329
2219551
-1
-1
-1
4092437
-1
-1
952967
-1
-1
1002158
-1
-1
-1
-1
-1
7974563
2035113
-1
11125329
-1
4211686
3059868
2449118
4133451
8913243
2334349
9589580
-1
11061123
-1
1345771
7445808
5757021
9683810
-1
8696007
-1
6150530
-1
-1
7322847
-1
-1
6753089
3128552
-1
-1
4646207
-1
3255967
1387051
-1
-1
51234
-1
-1
-1
-1
-1
-1
-1
9814806
-1
9818475
-1
6207944
1419336
-1
-1
8093488
8011509
5027438
6335020
8851807
3199287
-1
-1
9417473
-1
-1
1944999
-1
2458112
2391793
-1
7191724
-1
-1
805485
-1
-1
-1
10708673
5453756
-1
9868381
686622
9601948
9972306
-1
-1
-1
-1
-1
-1
5371788
-1
-1
8071238
3301797
7888579
3400175
5058263
7839394
10097944
8220603
11835922
2027016
-1
5810395
3805985
6708078
-1
8905144
2920605
-1
7507388
7048301
4408546
7941885
-1
6908939
1554463
-1
-1
-1
1830283
8232922
10245532
-1
-1
4748776
-1
-1
-1
5794025
2014748
-1
-1
10450493
5891134
11799066
-1
-1
-1
3650258
-1
-1
-1
-1
6059347
-1
-1
-1
3473084
-1
5597294
-1
1628153
-1
7245096
-1
-1
1055609
305493
-1
-1
-1
-1
-1
-1
5232498
-1
-1
-1
1022829
1285166
10072870
-1
3039541
3088730
-1
4822609
-1
-1
7790288
7851774
-1
4519289
2633750
612944
-1
11176069
-1
-1
3965931
-1
-1
1711405
-1
264539
6769653
8810956
-1
7650941
-1
-1
4530869
3740499
9712743
-1
-1
-1
2769041
5970361
-1
-1
5626048
-1
-1
5749021
5695735
7363441
-1
-1
-1
5425206
6326987
1883672
1461476
-1
3699532
-1
7773940
-1
11639299
7601785
-1
-1
4596158
-1
-1
8101869
8503572
1804757
8286327
-1
-1
-1
4616873
7823145
-1
5712162
-1
-1
-1
1154078
-1
9164790
-1
-1
-1
2506754
-1
2064064
11877071
2068165
-1
-1
-1
-1
2531357
4998956
-1
-1
1527106
752396
-1
-1
-1
-1
-1
-1
-1
-1
-1
-1
-1
-1
559756
-1
7228831
-1
11655753
-1
4773534
-1
8630695
7519510
4125896
3486453
6302467
-1
1867351
7531081
10334842
2697465
-1
11274561
-1
10204724
8093740
3863573
8454454
11299161
10622827
3699617
-1
-1
-1
10155546
3490573
-1
-1
5589264
4772253
-1
1043476
1977621
-1
6859960
9073421
-1
-1
2457638
5117890
11438549
-1
2154316
-1
9171806
3994770
8610245
9282482
2535529
10417693
-1
-1
11295096
-1
9225103
-1
8185868
-1
2030974
-1
7638057
-1
-1
-1
-1
1998531
7650361
-1
4523564
-1
-1
-1
-1
6650950
568035
-1
-1
-1
-1
3625894
-1
-1
-1
-1
5089242
3105327
7704406
43376
-1
5384375
5712296
4899606
11655848
-1
11310998
9118570
-1
9852293
9106276
3740686
2724135
-1
-1
-1
-1
1818261
-1
-1
-1
-1
-1
5843485
2777434
-1
2144936
7655247
-1
-1
6212402
8532437
5217966
-1
-1
4966082
-1
10572813
7773522
10913964
6163224
9717058
9520307
4650696
8852172
-1
-1
1260827
-1
-1
-1
-1
-1
10605702
7806662
-1
3084891
-1
-1
8389000
3158677
6429680
2219429
-1
-1
-1
-1
-1
-1
8493492
3445617
5728761
-1
7979114
10012219
-1
3493358
-1
-1
9676106
-1
-1
-1
10553296
-1
2675020
6126379
9904906
2272165
10991895
9598236
5966523
2280860
2539761
2285467
9171945
-1
8196385
-1
9544958
-1
4605302
-1
-1
8315263
10713073
-1
-1
8163604
-1
-1
-1
-1
4544192
-1
-1
-1
-1
2338935
1117434
11274757
10744985
2342627
-1
11368073
5150835
2350359
-1
-1
1535542
-1
5642742
-1
3527660
-1
1215826
-1
-1
2933310
4158912
-1
4712279
9241675
-1
-1
10262329
-1
449325
-1
-1
-1
-1
2822651
-1
9925354
-1
1638044
-1
4212218
10848500
-1
-1
-1
1408507
5573092
-1
986313
-1
-1
-1
8044738
-1
8048287
933976
-1
7995612
2880061
-1
-1
-1
-1
-1
11524858
3130107
7556524
6966773
928947
650216
8081444
-1
11188748
-1
-1
-1
-1
-1
6753636
10746063
2884182
-1
4880397
-1
3949926
7278315
-1
-1
5552639
1294935
-1
8872832
-1
-1
-1
-1
8040740
-1
-1
-1
-1
4195883
-1
-1
2546828
10877257
-1
6757764
8159135
-1
-1
-1
8166841
5392803
-1
8491649
-1
-1
-1
-1
-1
-1
8187325
-1
8192278
-1
-1
-1
-1
2171005
10020591
6077354
-1
11684788
-1
-1
-1
11020127
-1
-1
-1
-1
4691903
5428893
1437299
-1
6257725
5745351
-1
-1
-1
-1
-1
7061136
-1
-1
-1
7446446
-1
-1
-1
10684378
-1
-1
-1
11077521
-1
-1
-1
3421240
748693
-1
-1
-1
5433854
-1
-1
146147
-1
5502290
5126435
-1
8311149
3011354
4523886
-1
3429455
-1
-1
11379032
496502
1347168
-1
3671303
6118407
-1
10877348
-1
10061649
5543570
1080742
-1
8044945
11414324
9049202
-1
-1
-1
-1
8995920
-1
5568572
7536679
3736907
-1
10762595
1638222
-1
2404369
-1
-1
4142716
-1
10041179
3593453
-1
-1
-1
2646588
-1
-1
867625
-1
-1
-1
-1
9942816
3794317
1687432
10697035
5642969
-1
8680330
-1
6089764
2839258
2216211
-1
8445392
-1
-1
11253456
-1
-1
-1
5658868
-1
3753347
-1
-1
-1
-1
-1
-1
-1
-1
2879865
-1
9705106
5552820
-1
3720569
4642845
-1
11758711
7467059
8503256
10643786
-1
5446256
-1
-1
-1
-1
1712072
4769927
-1
-1
-1
-1
-1
-1
-1
-1
8299175
5740193
2167073
-1
-1
5748420
-1
-1
-1
-1
-1
3806682
5319214
2798330
7135073
11372535
-1
6294781
1896555
-1
-1
8135236
-1
9106701
10069967
10848778
-1
4134618
691459
-1
6893248
198370
1175145
203410
-1
-1
2950016
-1
8217233
-1
-1
10996358
-1
2154817
11258697
2003156
7344154
-1
-1
235513
-1
-1
2560627
10688387
6401392
2253205
-1
5561100
-1
4388788
-1
11466514
-1
5868265
2613926
-1
5581604
-1
-1
-1
10586487
-1
9824075
-1
3589498
10201186
-1
8877211
-1
-1
-1
5904919
2941704
-1
9024782
10631591
-1
6344039
-1
-1
3120973
-1
9541264
-1
11475994
1437544
4446211
6820179
6462921
9180559
3552934
-1
-1
11553160
-1
-1
1015358
2708246
8578015
-1
9377770
-1
1925342
462000
10697204
1138337
-1
568578
-1
-1
9529539
-1
-1
-1
3190855
391713
11867058
9377339
4861458
-1
8807172
-1
-1
3523973
1958156
2003246
8819456
-1
-1
420449
3223935
-1
-1
-1
-1
-1
1142467
-1
6930257
2583208
-1
-1
1449898
-1
8598556
453233
-1
6066750
-1
-1
2909150
-1
-1
-1
-1
-1
-1
-1
9127341
-1
-1
11692187
-1
10766946
5376762
6971274
8266559
11705395
8905082
-1
11176853
2609944
4507782
-1
-1
-1
-1
10076720
-1
-1
-1
-1
-1
1986908
-1
10373464
8942040
6142080
212046
10639903
-1
-1
-1
-1
6352354
11152284
-1
-1
580966
-1
8262494
6171205
2679658
-1
-1
-1
-1
-1
-1
-1
-1
-1
8995498
-1
-1
11803380
10299713
8287105
10143953
604792
4040544
548197
-1
4927370
3416292
-1
-1
-1
-1
11831934
708067
9500423
4884950
11513034
-1
10795711
-1
6713109
4485635
-1
7582100
-1
3453597
7741964
9061652
904834
6512267
4999737
8012503
-1
9512739
-1
-1
-1
-1
-1
-1
-1
-1
-1
-1
-1
-1
-1
-1
1138497
-1
-1
-1
-1
-1
10713767
9119087
4149683
679418
-1
-1
-1
6967288
-1
-1
3507735
-1
1331168
5315397
9887874
3543356
8168304
-1
-1
-1
6355635
9447197
-1
-1
6836137
9167143
8651996
2860110
-1
11615576
6377035
-1
2995382
-1
-1
-1
-1
-1
-1
8315891
-1
-1
-1
-1
-1
-1
-1
-1
4950621
1171344
-1
8734001
7241966
-1
-1
-1
-1
-1
11750592
-1
-1
3638522
3159372
-1
-1
4132501
-1
-1
-1
827048
1638651
513225
9057843
-1
-1
2491248
9877647
-1
6926369
9278009
-1
3130698
-1
7475640
-1
-1
-1
5815549
-1
-1
6717332
2970847
-1
5897535
-1
1109905
-1
-1
449969
10127709
5479444
6620430
-1
1400942
2941401
257323
-1
8164296
-1
-1
8661830
5725395
941127
-1
11566473
9016896
4905600
-1
4831820
2606064
6560416
-1
-1
5135151
-1
3770148
-1
5040878
9822112
6869034
-1
589368
7627352
5290923
-1
-1
-1
2101905
-1
-1
-1
-1
8143836
9865417
-1
-1
8885759
-1
11632091
-1
-1
4913833
3979262
-1
-1
2741367
425433
-1
-1
-1
2651194
-1
1237183
679578
5413924
9454473
3380822
-1
-1
-1
-1
-1
-1
3867712
-1
-1
7676584
9295690
-1
1077197
-1
-1
-1
-1
22719
4596880
9947440
9877758
10648371
-1
9963840
1265763
-1
-1
638619
-1
-1
5024552
8352941
5372969
4417903
-1
-1
3934224
-1
11156664
-1
-1
6741802
-1
9840890
-1
-1
4975380
11414910
11345228
1154661
-1
-1
-1
6369047
-1
11013216
3876766
2585674
5413985
667344
1724887
-1
-1
-1
675547
-1
9824517
-1
171374
11357546
-1
-1
5213148
-1
-1
8193124
6180516
3089871
-1
-1
9021127
1219367
2093819
-1
8779290
-1
9070321
7697157
-1
6840303
-1
4266298
-1
-1
-1
7213483
-1
6799486
-1
-1
4663910
-1
1278138
-1
4068814
-1
-1
-1
7496327
7385655
4081600
-1
790367
183716
-1
-1
-1
4454878
-1
2712805
-1
8496496
1032218
-1
5578011
-1
-1
-1
1765945
-1
-1
6164175
9729294
2257830
-1
11580
-1
11201852
6574082
-1
10578807
749406
8287468
8310657
-1
-1
-1
-1
6840527
-1
4237664
5233722
10595215
-1
-1
-1
3319494
-1
8164514
2790726
-1
556773
-1
1388685
11316651
6995198
4331957
6102726
9802925
-1
-1
-1
8279300
7106987
-1
-1
-1
-1
1487263
-1
-1
4188507
-1
-1
9836246
10714119
9840704
2573507
-1
8037476
9846501
-1
-1
-1
1565160
7057507
11677395
-1
-1
10189461
-1
-1
-1
2831760
10304238
-1
7908500
-1
-1
-1
5791245
-1
1929989
-1
4293996
4192538
3667969
-1
-1
-1
4306397
-1
2700611
7114978
-1
3897522
9746796
-1
-1
7221815
9070465
-1
6971779
4774716
3012147
8144096
-1
8599087
122356
-1
-1
5709296
11693837
-1
9959583
6799634
-1
7163287
-1
-1
-1
-1
-1
-1
733123
7459583
10111637
962670
4384092
-1
11128193
9205763
-1
-1
6783257
8984421
4500116
8283494
9050008
1171731
9574682
-1
10087059
6500435
1872665
-1
-1
8299900
4425125
1372592
-1
5482183
-1
8705707
-1
-1
1934162
7246412
-1
-1
6074156
5061704
-1
1654971
4458071
7783444
2659695
-1
9127919
4180427
5393732
-1
7734263
-1
7373553
-1
1475094
1655423
-1
-1
2700699
-1
4188638
6877583
4499699
11029872
-1
-1
4508198
-1
4511651
-1
-1
9566537
-1
536442
-1
7484249
-1
7287466
-1
8767240
11657036
1032429
11820998
-1
10147342
-1
-1
4012408
2385106
-1
10159641
8066323
-1
4706652
-1
7697417
3491844
-1
-1
315122
4577719
5397884
4684659
-1
-1
-1
11140588
-1
7959766
1856356
-1
-1
-1
-1
-1
8164723
5451186
4537110
-1
3811589
9697754
-1
-1
7426808
-1
-1
7168677
-1
8148340
-1
-1
-1
-1
-1
-1
-1
9808443
1630939
6176731
4041153
10262795
1688329
7189188
-1
-1
-1
10275596
11439856
5914405
-1
-1
-1
-1
3077902
2225311
-1
-1
8326803
7644193
3934599
-1
-1
8332829
-1
-1
-1
-1
-1
-1
732423
-1
-1
-1
2028578
2704914
7533268
10336653
-1
-1
-1
4741925
10948010
9660925
1945900
10353353
-1
-1
-1
1159605
2122871
-1
-1
786600
-1
-1
3336181
3299291
-1
-1
5684912
10385748
10083141
-1
8310345
81584
3082053
10397636
4639675
-1
8853449
-1
7127304
4045325
-1
-1
2643470
-1
10314673
4819722
-1
2172090
-1
-1
7955782
2213084
1176038
-1
10095126
4011741
5178361
-1
-1
-1
-1
1495769
8291912
-1
7386035
7963995
7484413
-1
-1
9771145
11062844
8800197
-1
2004057
9427347
-1
7685028
1208855
8209948
-1
5951401
5041424
-1
4897787
-1
946527
-1
4905945
934233
6611349
10505400
5094721
180021
10411018
2118178
2274613
9062558
10780040
1926201
-1
-1
-1
-1
5730078
-1
10545404
-1
-1
-1
553930
8501009
4954790
7328382
9083070
7271313
3811758
11833502
-1
8140305
-1
-1
-1
2823906
7287718
-1
-1
10407060
2094289
-1
7550060
-1
5408054
159566
3889657
-1
2864909
-1
-1
-1
-1
1463056
4922613
3328103
5619445
8665003
6042389
3762601
6140022
3483871
-1
-1
10640280
2836233
-1
-1
-1
-1
-1
-1
-1
-1
8501060
-1
8468270
-1
-1
-1
10525972
-1
-1
-1
9534018
-1
1024496
-1
3114988
5389934
225195
7893491
-1
-1
4975940
7521420
-1
-1
1901694
-1
10713843
-1
-1
6234342
-1
-1
-1
9640615
-1
4070076
-1
7623911
10903112
-1
-1
11276124
-1
10788345
1336052
-1
-1
-1
622830
3397854
2768959
8550299
8119905
10513472
-1
-1
3020753
8587196
5175680
6631975
-1
-1
-1
4160282
-1
-1
-1
-1
10799367
2397116
10562927
8808556
3934846
-1
-1
-1
-1
-1
3463467
2417827
-1
-1
-1
11860595
-1
8062552
9493104
-1
-1
-1
-1
2442368
-1
-1
-1
-1
3892552
-1
-1
3037192
901614
-1
4082440
-1
11751671
-1
-1
-1
-1
5824522
5282715
-1
-1
9792358
5931101
-1
1614856
6004886
5298587
-1
-1
2503497
-1
959023
-1
2512316
-1
2008371
1815719
10460511
5324042
-1
10931830
3041325
-1
-1
-1
-1
209267
10296561
10464621
9349694
-1
10128506
2274823
-1
-1
7463480
627029
10148475
9644831
8168288
-1
2569856
-1
9025887
-1
10595806
-1
6193482
9542366
2585347
-1
1213201
3590622
10341676
10218707
-1
-1
4283358
-1
6054128
-1
374835
1326730
3479960
5135957
8222113
8923435
5385961
5914771
6472236
8468450
-1
-1
-1
11042563
-1
-1
7398066
-1
6271395
-1
-1
-1
6837061
5459674
-1
-1
-1
5466712
2348662
-1
-1
-1
5686823
-1
11837853
-1
2683907
-1
-1
-1
-1
1942140
-1
-1
-1
4705604
1409061
-1
-1
6320614
-1
11119778
8320471
-1
385267
-1
2725150
11131913
-1
-1
11063168
-1
8927591
987829
9444067
-1
9870365
-1
11825590
6013209
3373454
4025196
2758042
-1
-1
-1
8226676
-1
-1
2401638
9763805
9915469
45078
10198302
-1
4832713
8389739
3238204
-1
-1
-1
1352668
-1
