3 15
Graph of Radix Sorting performance
Big Oh _ counted|Big Oh - timed|count/N
Sample Size(N)
Operations
01000000000
01000000000
loglog
2 4 8 16 32 64 128 256 512 1024 2048 4096 8192 16384 32768 
6 12 24 48 96 192 387 780 1605 3573 9323 31072 115751 455576 1812220 
6 4.99859 4.75 5.12174 3.06505 2.4272 3.21565 3.54108 4.09502 6.3906 8.19954 12.5765 23.56 54.3692 153.652 
3 3 3 3 3 3 3 3 3 3 4 7 14 27 55 
0.000848896 0.000353607 0.000168011 9.05797e-05 2.71032e-05 1.07315e-05 7.10874e-06 3.91408e-06 2.26318e-06 1.76594e-06 1.1329e-06 8.68828e-07 8.13802e-07 9.39002e-07 1.32685e-06 
