6 15
Graph of hashing
Linear|Quadratic|Double|Linear timed|Quadratic timed|Double timed
Sample Size(N)
Operations
01234560000
01234560000
loglog
2 4 8 16 32 64 128 256 512 1024 2048 4096 8192 16384 32768 
2 4 15 17 43 88 175 356 799 1499 3094 6194 12216 24666 48721 
2 4 13 17 45 82 177 349 739 1452 2873 5790 11708 23507 46483 
2 4 11 17 39 91 163 340 712 1382 2796 5679 11990 26423 53651 
0 0 3.73134e-06 1.00806e-06 1.63934e-06 6.66667e-05 3.27869e-06 3.84615e-05 0.000333333 9.09091e-05 0.0002 0.000125 0.001 0.001 0.001 
0 1.23609e-06 0 0 1.10011e-06 1.81488e-06 2.7933e-06 5.40541e-06 1.11111e-05 1.85185e-05 7.69231e-05 0.000111111 0.0002 0.0005 0.001 
6.89655e-06 0 1.5949e-06 2.55754e-06 1.11982e-06 1.98807e-06 3.02115e-06 9.17431e-06 1.11111e-05 2.22222e-05 8.33333e-05 0.000111111 0.00025 0.0005 0.001 
