-1
623619
11274359
-1
-1
-1
48360
3373074
61487
-1
81203
-1
94966
-1
-1
305468
3315038
9682507
147536
4880709
-1
10880514
179062
738518
6330197
11257971
209408
-1
229297
4168423
-1
-1
261098
-1
-1
6679312
293956
9502006
1870892
-1
328130
-1
9584066
-1
9109749
-1
377150
-1
11832379
9813827
409250
599086
10289749
5743903
-1
7319361
8944051
-1
471295
-1
3873056
6744982
5843354
344666
-1
-1
9534857
5415697
554906
-1
572576
-1
589745
-1
6449597
-1
620487
763213
635394
-1
653744
-1
671530
-1
684809
-1
2757134
-1
-1
1017571
737766
-1
754679
-1
4535919
-1
11422152
-1
3708984
-1
5629073
-1
832014
-1
1296573
2888441
7156452
8894869
882132
-1
-1
7352239
918487
-1
11159594
3233082
919124
-1
-1
4979099
982206
1477111
-1
-1
1016937
-1
1214540
8484614
590924
-1
1064901
-1
1079887
7397049
1788933
-1
1111949
-1
1127788
-1
1146407
-1
2396148
7532792
1176955
394009
-1
3840321
4267008
2346922
1229833
-1
-1
9876786
1259616
-1
1275754
-1
-1
-1
820710
-1
1327057
5858890
7647690
-1
1357794
-1
-1
3577767
7877450
-1
1406633
7106136
1425503
-1
1440233
-1
-1
6974854
4578849
-1
1559227
-1
1507520
9945251
10946323
-1
1537945
-1
1557534
-1
1575588
-1
1589795
3561382
1607243
-1
-1
303560
1636425
-1
4306001
2642374
5629177
-1
1686139
-1
11569963
-1
1718544
1674133
11077637
7844671
6461443
8123660
2478381
-1
1786025
-1
-1
-1
10946359
-1
11816144
-1
4660950
8058028
1868519
-1
-1
-1
2412649
-1
1918924
7418007
-1
11635636
1952805
-1
4874307
2068027
475931
-1
1997800
-1
2018768
-1
2030987
-1
82017
-1
-1
-1
-1
-1
2096218
11446471
-1
5793342
-1
10979220
1493663
11389497
2164398
8747328
2177604
6384146
2198195
1789068
2642441
8763745
2229533
4152256
-1
-1
2260006
1247513
7583130
6784589
2292598
10798719
-1
7729864
2325789
-1
4650421
-1
2359973
-1
2888626
10782318
10257167
246458
2409937
-1
2428574
9682787
8813005
-1
8320677
-1
2473076
-1
7435391
-1
1148744
-1
5022074
11356721
1329601
-1
-1
-1
2576755
6294612
2589304
-1
2604776
11626974
11570075
7139106
2641089
2691727
-1
-1
2672153
-1
-1
-1
459838
9994630
-1
9879755
-1
6334981
5985406
5580077
-1
-1
2786715
-1
2803986
1493744
2330706
-1
-1
6203705
2626108
-1
2870947
-1
2885286
1953262
2904250
-1
2920401
4792369
7582240
-1
3512314
-1
-1
4217990
-1
-1
3003104
-1
3019383
-1
3032054
-1
3048295
11471662
3065259
-1
3084382
-1
3097370
2133809
-1
5580121
3134099
7221223
820934
9748519
3164889
-1
3180529
-1
3660043
-1
5678598
1592260
1444562
5530902
-1
-1
1739964
-1
-1
8501299
10503442
-1
3312381
-1
3330597
9715719
3343010
6105301
3359903
-1
-1
2199487
2576941
9715727
3413396
1329708
-1
-1
3444018
115298
1805632
3134924
3478888
4677560
3493651
-1
3506953
-1
3525402
7200682
1952953
-1
9403937
-1
8074648
-1
2839541
5963679
5793523
-1
3626969
-1
-1
8566987
11488146
-1
-1
2724675
3690500
-1
3709279
4579122
-1
-1
3741253
-1
9354728
-1
-1
4792473
3790989
-1
16875
-1
3821339
-1
4349383
8911642
328690
-1
3871551
-1
2659056
-1
10011186
10880970
3922515
-1
-1
1477471
6795156
312292
3968364
7565956
3983811
-1
3003701
3463210
4018055
11373314
4034030
-1
2593432
-1
10815345
9469644
410773
-1
1789299
-1
4118024
66147
4133901
8862445
4152209
5432548
4166638
-1
4183220
-1
4333016
-1
7631629
-1
4230022
3692992
-1
-1
4267351
-1
4280796
-1
4300122
-1
1132885
4070455
11750804
6107532
-1
-1
-1
-1
2609883
-1
5071535
-1
9125054
-1
4428792
-1
4444478
-1
10109720
8320922
-1
11586713
10700520
-1
3019966
7533200
4526364
-1
1723709
-1
607040
6515724
4578295
4732434
2642731
-1
4612007
624181
4623021
5301318
5678772
-1
4660820
-1
4672729
-1
4689720
5547491
4709076
-1
-1
10503617
9075861
3282779
4759270
-1
5744432
2970974
9863595
-1
-1
-1
10076942
-1
10142588
-1
-1
-1
4872874
10637682
4887981
-1
5088008
5744449
6171136
-1
4937105
4726971
4953150
10749810
10536468
-1
4985348
-1
9994909
-1
10224665
-1
-1
-1
1822237
10142615
5070437
-1
6532198
8714862
-1
9863634
5120814
10618542
4431596
9650295
5151154
-1
5957823
-1
5071631
-1
-1
-1
4431606
-1
5230287
-1
7440828
-1
11659481
10109819
7073785
-1
5297902
-1
-1
-1
5329970
-1
5348925
3758772
5362452
2314606
8091775
7221497
-1
1297456
5412900
936088
6789567
6483008
-1
-1
5463224
-1
6351725
573856
-1
-1
1887937
9994972
5137221
-1
-1
148376
7566516
3840853
10569364
3561868
-1
17094
-1
6351742
5628334
-1
5644235
788417
1904366
2568446
-1
-1
5693858
3725992
5708092
4201913
-1
-1
3512654
-1
7287386
4103453
9863715
2527205
-1
-1
5805308
-1
5824481
-1
5839647
8042103
5855226
-1
-1
-1
6630762
-1
5905064
6794875
5921250
4267583
4021419
-1
5956086
-1
5971277
-1
4858386
1264378
9190892
-1
-1
-1
-1
-1
6051938
10996109
7309408
2135354
6087711
11209456
6100833
-1
10651485
426043
6134642
-1
-1
-1
-1
11849495
6185832
4136327
6198936
17168
6215769
8583712
6235806
-1
6250483
-1
6265558
8091388
2823458
-1
8600132
-1
6315863
-1
10405346
-1
-1
4267635
2823468
5875915
-1
6286192
2807061
-1
4480985
-1
6430494
-1
3711051
-1
11193090
-1
6481591
-1
11570547
2314744
8075006
7402156
6529003
-1
5071527
5317963
6563460
7894492
5793885
-1
6594958
-1
7270879
-1
6335454
9716121
-1
10618728
6122115
2413230
197746
-1
9059688
-1
6707511
-1
-1
-1
11619810
-1
11373647
788553
7024734
-1
11258774
10487458
6808000
10667981
10067036
-1
6838856
-1
4070764
4513862
6873634
9131374
-1
7818172
-1
360287
6499522
-1
411121
7779661
6958868
-1
7549910
-1
6987055
-1
-1
-1
2790726
-1
-1
-1
3053306
-1
7068617
-1
4251313
10635193
7105181
-1
7118688
8583822
7138297
6187818
7150719
4234911
5022640
-1
-1
-1
11340879
11866032
-1
2757929
-1
-1
-1
10520336
-1
-1
4874955
8616664
-1
9617737
-1
-1
7334639
-1
7352560
-1
8967165
7156095
-1
9568514
7399937
8337691
7418641
-1
3873902
3183603
-1
9984884
673761
8190000
-1
4038019
1100451
-1
7515746
3808269
7528795
-1
-1
214264
-1
5318087
7580865
-1
7598787
6762259
7614057
-1
-1
-1
7646997
-1
5843250
-1
7675894
2528231
5071937
-1
-1
3660594
7725490
-1
7746349
115822
2298486
-1
7776400
-1
-1
11029143
7810564
-1
7824257
11521477
-1
11572153
7860813
-1
-1
-1
7889596
-1
7909939
-1
7922069
8731619
2511851
-1
10389133
-1
-1
-1
7992243
-1
8005791
-1
8023147
-1
8038997
8944976
8055350
7074124
5646368
-1
8089165
8583940
8103785
-1
8121328
-1
-1
-1
-1
-1
-1
952835
11144067
-1
8205160
4989421
8219275
8879354
1067719
-1
-1
-1
8267967
-1
8284291
-1
-1
9059885
-1
-1
8336260
263593
1412364
-1
8370612
3316043
7271095
6532601
8402015
9453761
8419124
-1
3101927
-1
8452318
-1
8465473
6400817
9519414
-1
8501102
3151949
6663904
-1
641069
-1
8548371
-1
3217600
9896878
-1
-1
-1
969298
8616611
-1
-1
2050822
10881547
-1
8661410
-1
6991732
-1
-1
2856575
-1
-1
10569748
-1
-1
-1
8761292
-1
8928654
655529
-1
4989087
11751350
7763478
8828764
-1
1147972
11259025
11127738
-1
-1
378536
5301837
-1
9355356
7500914
8926523
-1
-1
-1
-1
10487722
8973426
9820548
3659449
-1
9005542
4940810
7057830
4399249
-1
9896936
9055478
9847705
9076376
-1
6023945
-1
9108057
10110287
4136684
8058914
-1
5957530
5136779
-1
9172980
1049441
9189440
6679784
-1
11505234
9223566
1625814
9831315
-1
10274414
-1
9273093
4924431
3792073
1510945
9300831
7468140
9320434
1445305
-1
307469
10307248
7271214
-1
8534863
9385297
6893765
9601581
-1
9418546
5712177
9437198
2183814
8813859
-1
9470292
-1
10996526
10405731
2971549
1757136
9518586
11406806
7057288
-1
9550273
-1
-1
-1
9584506
-1
9600194
-1
9613404
-1
4891652
5712203
9646782
-1
9663352
-1
10996550
-1
10701154
-1
5991199
4727553
-1
10733981
-1
9486747
-1
10569875
6762064
7057257
11784292
6860993
9813333
-1
9827302
8387220
9843450
-1
9863000
-1
10865286
-1
9893909
-1
4530644
2922367
5580950
8633397
9941288
6024050
-1
11209928
10898120
-1
9993581
5236328
953058
-1
10023591
-1
10039747
-1
10059091
-1
10076776
2282358
9453966
-1
-1
-1
3792175
-1
-1
11472526
-1
4891717
10433203
3101194
10190965
-1
-1
-1
3939886
-1
8764722
10094014
-1
-1
9486666
4448634
3923483
-1
4005540
5712285
5827163
-1
10337952
11423317
10353103
5876401
475374
-1
903871
-1
10403620
7944193
-1
3053717
6155397
6319508
10451089
3414763
10469235
10225330
4234300
-1
3890687
5563806
10518062
6056942
2856798
10176105
10549663
4924587
10566065
-1
2003432
-1
10599286
5843609
10613754
-1
9043757
1853598
10647238
6598521
-1
10537163
10681072
-1
8879655
6843750
10716800
-1
10730440
10881802
-1
-1
10762694
9585337
7025222
280302
6006866
-1
10813451
8436573
5121552
5564650
10848463
9076606
-1
-1
-1
-1
10893346
-1
3150350
-1
-1
-1
10944268
-1
10962708
-1
10979224
-1
-1
-1
11011554
11374166
11025819
3349189
-1
-1
11057282
-1
674201
-1
11091598
1822974
5203641
-1
-1
8354556
11140826
10405933
-1
-1
6515393
10849034
11192910
5630338
11205227
11489067
5925739
-1
11239919
-1
11254246
-1
838335
11576673
11287899
-1
11308243
4678514
11322264
9847981
1262573
-1
10635712
-1
-1
-1
11387436
-1
11405083
11390625
11419862
-1
690656
-1
11451056
-1
10701370
-1
-1
-1
11504943
-1
11518501
-1
-1
-1
11554341
-1
2742047
-1
11584052
11784511
5958607
9470562
-1
6762749
6254009
6549408
7024200
-1
7796647
707096
11684896
4563683
11701546
9289463
65297
-1
11734663
2413848
-1
4153416
4234248
887629
10996806
-1
11800331
11177330
11813069
-1
444539
8830561
-1
-1
-1
5417077
-1
-1
-1
-1
3003036
-1
-1
-1
-1
8896219
4153441
1511271
-1
-1
-1
-1
-1
-1
669374
-1
737207
-1
559444
3907289
-1
-1
-1
9979363
7960811
-1
181999
-1
-1
-1
1691815
-1
-1
11850227
-1
7091039
1248724
-1
-1
7189509
-1
116370
1314374
-1
-1
-1
-1
-1
-1
4809924
-1
-1
6516671
4908394
-1
-1
6844895
-1
-1
-1
-1
3431412
-1
-1
2545221
-1
6795672
-1
6466600
-1
7960167
-1
-1
-1
-1
-1
1248764
-1
572995
9003298
772849
8108567
-1
2200609
-1
-1
1921625
10324058
1872394
11850283
-1
-1
-1
4299185
-1
-1
3258509
9158021
756456
-1
671463
2824245
-1
-1
3529921
6451080
-1
5515655
-1
67205
-1
129757
7960107
-1
-1
3677631
3382234
10176389
-1
-1
-1
10521024
-1
5318739
2578103
-1
-1
-1
132868
-1
3103261
6730093
-1
-1
4957708
4662311
-1
-1
-1
-1
-1
-1
-1
7763998
1806806
10406171
-1
4563857
-1
-1
-1
-1
-1
-1
-1
-1
5203895
674460
-1
8436865
-1
1790412
7288098
-1
3267405
-1
-1
-1
-1
5860348
-1
11440090
8650221
-1
8683045
3973089
6352685
9667708
-1
1363744
-1
10192864
3168957
-1
3776166
-1
10340568
-1
-1
2446880
1675564
2528937
5743606
11390879
-1
-1
7370187
7419421
9502635
10767267
3086920
-1
-1
2217140
-1
-1
10258533
7107622
-1
9323109
937089
-1
4990608
7058395
11029858
2299207
7764071
-1
-1
871454
4416231
-1
-1
-1
-1
2200751
-1
7764082
-1
-1
7961017
5236792
2660266
-1
-1
9569300
-1
5335264
-1
-1
-1
-1
1987425
4842940
6975243
-1
1265345
2988501
346331
-1
1052006
-1
-1
3415193
-1
-1
7468713
-1
-1
-1
5647096
-1
8649321
2512598
-1
7238968
7485134
11374542
1298189
-1
-1
-1
-1
494055
-1
7353855
329948
4777330
4890696
6057390
6713831
7911835
-1
-1
-1
684830
526890
-1
10127327
-1
5286084
-1
8502642
6139459
-1
-1
3593792
-1
2135180
8550464
9388844
3628584
-1
4219382
-1
-1
-1
9963236
1019242
8683180
5893311
379216
5286106
6402055
-1
6500523
-1
-1
2447009
-1
7058502
789501
11555118
7386725
-1
-1
-1
-1
-1
-1
10209424
5565112
9666651
3658760
8469862
1626476
1117736
10504829
-1
-1
-1
-1
3825557
-1
-1
-1
5893347
3759918
2939369
-1
5236911
-1
7746076
6845192
2611155
-1
11555152
1708553
-1
-1
7797037
-1
-1
-1
-1
280804
-1
4613310
6664686
1167002
412097
-1
9930479
-1
10504866
8880178
-1
-1
-1
-1
-1
5680039
51067
7961170
541039
2020390
3856371
3595848
-1
-1
2726068
-1
-1
7682193
2332208
-1
5171313
-1
-1
-1
-1
10282445
-1
-1
-1
-1
559832
9454595
1675782
-1
-1
-1
-1
-1
7715036
5745717
-1
-1
-1
-1
-1
-1
10915189
215218
11587346
-1
-1
-1
-1
-1
-1
-1
-1
-1
6287299
-1
-1
-1
2936395
-1
4038998
-1
-1
2479956
-1
9453143
641927
11111056
5975504
2020454
-1
-1
822454
-1
-1
-1
-1
-1
-1
2726137
-1
-1
9700815
6090396
-1
-1
1035811
-1
6418621
474114
-1
-1
10751129
7403286
6533504
-1
-1
8273073
5581670
-1
9405435
-1
-1
1672395
-1
-1
1725093
-1
-1
2529235
-1
-1
-1
-1
-1
-1
-1
-1
3366205
-1
-1
4988207
10045486
-1
-1
-1
-1
-1
7089320
-1
7009459
-1
11538897
-1
3136467
2480028
3182542
-1
-1
6303795
-1
-1
-1
-1
11718608
-1
-1
-1
-1
10373733
-1
-1
412259
1725140
6498354
6566387
-1
-1
642019
9799358
-1
9372674
7518232
-1
7696639
-1
-1
-1
10799070
-1
-1
8043393
-1
-1
-1
10997377
-1
-1
2217495
-1
-1
-1
-1
-1
-1
231771
-1
-1
-1
-1
4104772
-1
11063038
8158292
-1
-1
-1
-1
-1
-1
-1
-1
-1
-1
-1
-1
7042357
5653604
-1
-1
-1
-1
-1
-1
-1
-1
11570527
4482252
-1
-1
6582863
7190071
-1
-1
-1
-1
-1
-1
-1
-1
11621050
822613
-1
5286407
-1
5713095
4367394
2266787
8207570
-1
-1
7912175
-1
-1
10029197
674928
6845465
-1
3612500
-1
-1
6074153
4971661
2742722
-1
-1
-1
-1
1561135
-1
10636420
2824785
-1
10915410
-1
-1
-1
10355766
-1
-1
3202247
-1
2578631
-1
625724
-1
-1
-1
-1
3530476
9783068
3497656
4465906
-1
-1
839078
-1
1758096
-1
-1
-1
10718506
-1
-1
-1
7985452
6451651
10603635
-1
-1
1265779
1019615
-1
-1
1003207
-1
-1
6763542
8732792
-1
-1
2591427
-1
-1
-1
9815925
-1
-1
-1
-1
11588318
6123456
8092777
-1
-1
-1
-1
10784186
-1
-1
4465954
1019645
-1
6960429
5940064
-1
1807378
11292937
-1
3218727
-1
-1
1561219
3350019
7106567
-1
-1
-1
-1
-1
9651850
3940823
11457062
-1
-1
642216
8010756
11194491
9536981
-1
-1
-1
9978126
6057854
-1
-1
-1
-1
-1
-1
-1
10193434
5910164
2595143
-1
3908025
1312016
-1
10324729
-1
-1
-1
7469219
888409
-1
-1
-1
-1
-1
4269081
4958344
-1
4597304
-1
-1
1413573
-1
-1
-1
-1
2349005
-1
-1
-1
-1
9208808
-1
9389331
1938738
-1
5138885
8700073
10505284
-1
11110709
5890738
-1
4269109
11128908
3235218
-1
4400401
-1
-1
7469261
-1
4761448
-1
3579858
-1
5450714
3038298
-1
-1
7469271
9783223
5434309
10291966
5860997
-1
-1
5434314
-1
-1
-1
-1
8552409
-1
-1
-1
3940922
8421126
-1
-1
9110391
8683706
9716128
-1
5516386
-1
6681569
-1
-1
11785393
-1
-1
-1
3530664
-1
-1
9832491
-1
-1
7961640
-1
-1
478227
-1
3973772
10470459
3858897
6386192
7633429
-1
-1
-1
7026226
-1
-1
8864261
2509173
-1
1492512
-1
-1
-1
-1
-1
-1
-1
-1
-1
-1
7696300
11276693
11325927
-1
10439735
-1
-1
-1
-1
8437598
10144343
9895899
-1
1704812
1495750
-1
9241744
-1
10078707
-1
-1
8142212
-1
-1
9258163
379813
-1
-1
-1
-1
-1
6156491
-1
-1
-1
10160779
4088710
10505412
-1
4777975
3235342
8404808
-1
-1
-1
3333813
-1
-1
-1
-1
9012024
-1
11406038
-1
-1
-1
-1
-1
-1
-1
10013105
6714495
-1
10078752
-1
9832589
-1
-1
2595341
3251782
-1
11555750
3941047
6845795
-1
-1
-1
-1
-1
-1
3924644
3432315
11260363
-1
-1
-1
-1
7288906
6878632
8519733
-1
-1
10669577
1577884
-1
2185093
4495279
-1
-1
-1
-1
7928949
9914681
-1
-1
-1
-1
9389534
-1
-1
-1
-1
5155501
2086645
7321755
6977125
7015760
-1
-1
-1
-1
8142312
6698145
-1
-1
-1
-1
2289798
3859048
35286
-1
11326056
-1
-1
-1
-1
-1
4055989
7518711
-1
-1
-1
1413823
6760502
-1
8207980
-1
-1
4384220
6612761
5303238
2693890
7551547
-1
2414906
-1
6304315
6205850
-1
-1
-1
-1
9879333
-1
-1
-1
-1
-1
-1
6435616
-1
-1
248672
-1
7026417
-1
-1
-1
-1
2513397
9094209
-1
150216
-1
4991463
-1
-1
-1
2759571
-1
-1
-1
-1
-1
-1
-1
-1
3104211
2513416
-1
-1
6484881
-1
-1
-1
6813105
-1
-1
8864483
-1
8766019
10308654
6829523
-1
2283678
2431378
9209122
-1
-1
-1
-1
-1
-1
6320793
-1
-1
9734284
-1
11670784
9321156
-1
8667574
-1
2197042
-1
-1
2037535
-1
-1
-1
117452
-1
-1
-1
-1
-1
-1
-1
-1
-1
-1
7961921
-1
-1
8060390
-1
-1
6973783
-1
4728962
-1
-1
11424653
8191687
-1
-1
6156726
6058261
-1
-1
-1
1069321
1627296
-1
10167169
2382205
5463584
-1
2579140
4761804
-1
-1
-1
-1
-1
101086
7885617
-1
1873477
-1
3334058
-1
-1
8618403
-1
-1
8421474
-1
11769320
11752910
2103243
7223476
-1
9816416
-1
4811063
2956621
-1
7453237
-1
-1
5713674
6813212
3087916
3908467
6419351
1036544
6107544
1020135
-1
-1
-1
10686218
-1
9127175
-1
-1
-1
4285934
1184256
-1
-1
-1
-1
5139312
-1
8257404
-1
9242066
7584556
9274890
7108639
-1
688049
-1
7420452
2743318
-1
6337329
-1
-1
330906
-1
-1
-1
10358031
2792561
3727989
3531058
-1
10111871
4068224
2792567
-1
-1
-1
-1
-1
-1
-1
-1
-1
2185370
6649163
-1
-1
-1
-1
-1
5845030
-1
4712673
-1
-1
-1
10308828
199653
-1
-1
-1
-1
4023421
-1
3957779
2431557
-1
9914975
-1
-1
5795817
-1
-1
-1
5631711
-1
-1
9783697
970991
-1
-1
-1
10243210
9012386
3367003
-1
-1
-1
-1
3941393
-1
-1
-1
-1
-1
8388780
8700590
-1
-1
8536483
-1
10719148
5627579
-1
-1
-1
593566
-1
10355848
-1
7994931
-1
3219332
-1
7830825
-1
1069495
-1
-1
-1
-1
5205072
-1
10062730
2513671
-1
-1
-1
7256454
-1
-1
5681001
8651393
-1
2021351
1755674
8651397
5927172
-1
-1
-1
5106626
-1
-1
11572563
-1
-1
-1
577197
9915057
6977770
-1
4663540
2907564
-1
-1
-1
8996049
3875818
6895443
-1
7387775
-1
-1
-1
-1
-1
-1
-1
1069548
3345826
4778436
-1
-1
11671059
-1
-1
-1
-1
8093466
3609658
6321080
1540164
-1
6025685
4154832
-1
-1
-1
-1
-1
2300395
-1
-1
-1
-1
-1
-1
-1
6862661
11621852
3301476
6431814
8897629
8717109
-1
-1
8027850
-1
-1
-1
6042123
2612225
-1
-1
-1
-1
-1
-1
7601176
-1
10161294
-1
-1
-1
-1
5073889
-1
-1
4860549
2661476
4630797
-1
528049
-1
-1
-1
9734624
-1
4483106
-1
10391068
6173442
9078190
8700738
-1
-1
-1
-1
-1
3071771
-1
9504885
3531282
3678982
-1
8487407
-1
-1
-1
-1
-1
-1
-1
7486344
6928371
3137431
-1
-1
3038968
1162531
10391098
-1
-1
-1
-1
5599091
8388962
8717183
5254463
-1
5254465
-1
-1
-1
-1
6550939
-1
642981
4445512
-1
-1
-1
-1
-1
5582699
-1
-1
6583773
7190981
7486380
-1
10030087
3761086
-1
4581638
-1
-1
-1
203689
7699733
8717216
4483179
4893455
2218463
3646221
3777510
-1
-1
8766457
-1
11457863
-1
-1
-1
8897751
10144988
-1
3580590
10079347
-1
-1
6452519
-1
9896143
-1
4975533
-1
1036895
5069232
1529227
-1
6534584
9931662
-1
495339
4745789
-1
5763273
-1
-1
6075085
11375839
7519255
-1
-1
3646262
9698244
-1
-1
-1
-1
-1
-1
1299497
8110063
9718342
1736959
3613452
1660544
-1
7289519
2050232
-1
-1
3318061
11556384
10670191
-1
-1
-1
7617749
-1
-1
150747
10177869
7601343
-1
-1
2087250
-1
-1
-1
298455
935173
-1
254304
6944914
-1
5238172
10834324
8405497
-1
9816845
1496469
-1
-1
-1
-1
-1
725158
2907822
4200446
1841109
-1
-1
3236047
78994
11556426
905688
3084
9357355
5106907
1923174
7814724
7929602
-1
-1
2070878
11080518
4417653
6321330
-1
5882871
-1
-1
4073028
-1
-1
-1
-1
-1
-1
-1
3498651
10368452
-1
407264
2924270
-1
11228238
-1
-1
-1
9160456
-1
-1
6583932
-1
-1
-1
-1
3597135
-1
-1
5024895
-1
1873985
3575338
-1
-1
11507246
-1
-1
4959260
8569681
-1
5582881
4631044
-1
5796227
7371684
-1
-1
-1
10683016
2382745
3695626
-1
-1
4003439
-1
9862259
-1
8815865
10112335
3351004
-1
5057750
-1
-1
-1
-1
-1
-1
2924327
7514900
6026008
4352087
8828097
11605751
-1
6862974
10686738
-1
-1
-1
2054556
-1
-1
3843358
-1
-1
8504085
9029238
-1
-1
-1
7946116
3236160
11162674
-1
10292893
11392431
10473416
-1
10210842
1371095
9451838
-1
1562249
8269955
-1
-1
1939706
8307175
-1
4483414
11553850
3006426
-1
-1
-1
5265998
-1
-1
-1
7076362
5960415
-1
-1
11655035
-1
-1
-1
-1
-1
-1
-1
7207662
-1
8930819
4056753
5561297
-1
-1
-1
8750304
-1
-1
-1
-1
10900150
-1
9718560
-1
-1
-1
-1
9993482
-1
-1
9156314
9702158
-1
-1
-1
-1
11737127
-1
-1
11852007
-1
-1
7749260
-1
8323647
3958322
11064286
-1
5041451
2038239
265852
11294045
-1
4680414
-1
-1
-1
-1
-1
-1
-1
-1
479207
-1
-1
7224131
-1
3039328
7995451
2957275
-1
1529520
-1
9357569
11228424
-1
6813867
11080728
-1
-1
-1
7174914
-1
-1
-1
-1
-1
3285513
6223083
7897006
4138888
-1
9341177
8258052
10998690
-1
3230433
-1
10145448
-1
1283384
8438581
544891
1283387
-1
6009757
11852074
6731843
1037227
6108227
-1
3240097
3121428
-1
5052480
-1
-1
2547048
9866355
9735068
-1
-1
10210990
-1
-1
-1
-1
-1
1309846
-1
11671577
-1
-1
544922
3269149
-1
5484636
-1
-1
10867447
11782604
-1
-1
610576
4204586
-1
-1
-1
1792173
-1
-1
-1
807517
216722
4729748
-1
2071168
10194614
282371
-1
-1
-1
2744025
-1
-1
10933117
-1
5238502
-1
4795407
2214192
-1
-1
-1
-1
-1
-1
10227456
1546038
4713362
9533709
10965955
-1
3203554
7142195
4516436
-1
-1
-1
-1
7716586
1923504
1742984
-1
6699108
11277778
6584233
11852165
11441891
-1
-1
-1
-1
-1
-1
8504329
-1
-1
-1
10851106
6502192
-1
-1
-1
-1
-1
-1
-1
-1
-1
9287444
5550365
-1
-1
3055896
2366635
5369849
-1
3220010
512196
-1
-1
8225369
-1
-1
10375213
9685952
-1
4221091
-1
-1
-1
9718780
10424454
2399476
-1
-1
-1
4893952
5451927
-1
-1
5369875
-1
1660991
2005623
-1
-1
-1
3367740
-1
-1
-1
3351333
-1
3384157
3860077
7749485
3597503
8126940
-1
8044887
10194729
-1
-1
-1
9292128
6338149
-1
-1
-1
-1
-1
-1
1168691
-1
4500126
-1
-1
-1
-1
8405949
7651044
-1
2514403
-1
479441
-1
-1
-1
3942166
2842630
-1
3367784
-1
-1
10047064
-1
-1
5570786
-1
5156591
6272540
1332830
9374221
11716769
10342472
-1
-1
8143401
2005688
7536196
4516573
1464128
8176228
-1
6272554
-1
-1
-1
-1
988217
981342
9439884
2901895
9193721
-1
8701393
7959008
6841490
9833755
8663553
5692437
-1
-1
3285771
5019418
6929015
-1
-1
-1
11048180
10703550
-1
-1
4073509
-1
-1
9439909
-1
-1
-1
7191606
-1
7191608
-1
2908339
-1
-1
-1
-1
1218011
-1
5091009
-1
3203746
-1
3958654
-1
5091015
-1
7470612
7339325
7770225
-1
2634102
-1
-1
-1
-1
10676797
-1
6879827
-1
9751754
-1
-1
7043942
-1
3614045
10523077
2195983
-1
1746277
-1
3564818
-1
1776021
4286905
3909453
-1
4494073
-1
-1
-1
9636898
6321877
-1
-1
5731084
9850246
-1
-1
-1
9472797
4828485
692914
-1
-1
807794
9325104
-1
784262
9193819
2990462
-1
-1
-1
-1
8143521
-1
-1
3363036
-1
-1
-1
5534179
-1
5353660
-1
-1
1851218
10933404
7979425
-1
6994767
-1
-1
-1
-1
-1
-1
-1
4303371
-1
-1
709365
-1
-1
8652292
-1
-1
-1
-1
-1
-1
-1
-1
1890969
-1
4270566
-1
7536357
-1
6026547
10441107
638290
-1
7990391
-1
4713673
9374398
-1
-1
1086846
-1
-1
-1
6568124
-1
-1
-1
8849257
-1
1283788
-1
-1
11392967
-1
-1
-1
-1
-1
-1
8045130
6584552
6321977
-1
8914917
3712631
-1
-1
-1
-1
-1
-1
6256343
-1
-1
-1
10211398
9751891
-1
8553890
6092241
7585643
-1
-1
5123996
627383
-1
-1
3285968
4828603
-1
11409416
-1
-1
11425830
2120794
463284
11507888
8882129
1431536
1956689
-1
2589788
-1
-1
-1
4795798
-1
2334150
-1
2941359
-1
1234617
-1
10047326
-1
-1
1861091
-1
-1
-1
-1
8964208
6650258
11245339
-1
-1
-1
-1
8225720
-1
-1
-1
-1
1891079
-1
2038780
-1
10523269
282806
1267467
-1
8734474
-1
-1
-1
-1
249992
10129415
-1
6190777
7831878
5124064
-1
9010053
6912866
-1
8964243
3039873
-1
11311019
2022394
1267489
-1
-1
669170
3433745
-1
-1
-1
-1
-1
-1
611060
5698471
5468718
-1
8915030
3204003
8504757
-1
-1
-1
3863
4598944
-1
-1
-1
-1
6387748
6596493
-1
-1
9155697
-1
11557219
1907552
8324254
-1
-1
7388830
422909
-1
-1
-1
709558
1923973
5324400
-1
-1
-1
-1
-1
11163373
7044213
-1
-1
-1
8061699
10326418
-1
8570443
11622890
5554188
-1
-1
-1
-1
11327498
988569
11836241
-1
6568312
4828747
11393148
11425971
-1
6404207
-1
3630750
5288262
-1
1858365
-1
-1
-1
-1
9374608
6371396
4566187
3647172
-1
-1
5255453
-1
-1
-1
10211579
3384604
-1
5042117
-1
10703914
4543012
3220500
-1
669069
-1
-1
-1
6453473
-1
-1
4795965
9801321
-1
6256547
-1
-1
-1
-1
10753166
-1
-1
-1
-1
-1
-1
7700727
-1
-1
4139543
-1
2137403
479893
3663628
2049762
-1
4779579
5665774
7405341
10178801
1595849
11161790
-1
6190932
11130644
1037880
-1
9801356
-1
11688623
-1
8504891
-1
-1
-1
-1
758904
-1
-1
-1
-1
-1
4090343
-1
11278363
1382531
-1
8586962
-1
9423925
-1
8028992
-1
-1
-1
1185609
7750010
-1
8816727
-1
7405383
-1
2514907
-1
-1
11147096
9358298
2843132
7585912
2744668
-1
11836364
5747884
9309072
11207409
7832084
-1
-1
-1
-1
-1
-1
9637301
4073973
4615537
-1
8751111
9867060
5550968
627669
-1
4878120
-1
-1
-1
-1
5271989
6387938
36882
-1
5944844
-1
-1
-1
-1
11557411
-1
-1
1131514
-1
11524594
-1
11032266
7044394
2039040
-1
-1
5846395
-1
6535659
7339799
-1
-1
4221712
-1
-1
217431
5272020
-1
906696
10523543
-1
-1
2482156
-1
5862824
2006240
9949165
-1
-1
5994117
-1
8406536
-1
-1
1513919
4714065
-1
291360
1825732
-1
10654852
11229238
-1
-1
5518213
873901
6896739
-1
10501479
-1
-1
-1
-1
-1
-1
-1
-1
-1
-1
-1
-1
-1
86190
-1
-1
-1
5419769
9861275
-1
-1
3089411
-1
3590740
-1
-1
324152
-1
-1
8997379
10064095
-1
6552143
-1
972405
-1
10261033
-1
2892496
-1
-1
-1
4024859
-1
-1
-1
8006352
-1
-1
-1
3893579
2662755
-1
-1
-1
8784062
4336682
-1
-1
-1
-1
1743749
5124416
3368440
-1
-1
-1
11442656
1924277
-1
8521501
8521502
1628883
-1
266772
3557858
266774
-1
-1
2022754
-1
8652800
3122294
-1
-1
-1
-1
-1
4435180
-1
-1
-1
-1
-1
-1
-1
10146216
-1
-1
-1
8356152
-1
-1
-1
5272157
10901131
-1
-1
-1
-1
-1
11344234
-1
7602528
2121255
6502993
-1
-1
5813734
-1
-1
-1
3893651
-1
-1
5666042
-1
-1
5239359
10392414
-1
4517278
3417742
2254798
-1
2484593
-1
-1
6929702
4287532
6371730
-1
10819113
2022818
-1
9571880
2203342
-1
-1
4139843
-1
4779874
-1
10868357
-1
-1
2498750
-1
-1
-1
7661523
-1
-1
10310393
-1
-1
-1
-1
7996447
5518387
-1
9345627
6282651
-1
9457032
6847684
9647722
-1
9079583
-1
-1
-1
-1
-1
-1
9342166
-1
10474527
-1
-1
1350014
-1
-1
6289728
-1
6519484
10162727
11229443
-1
8767795
3467043
-1
-1
-1
-1
266903
-1
-1
5452782
4747110
10146330
-1
595130
-1
-1
11738202
5239447
10638667
11360752
-1
-1
-1
-1
10884838
-1
2408658
-1
3614769
8472426
3073208
-1
8209853
-1
-1
-1
-1
316167
11715951
-1
20772
4952968
10966911
-1
9752499
-1
-1
4230702
6955591
-1
-1
8482183
9893872
-1
2523535
-1
4271237
1579834
6331811
-1
-1
1432139
3614803
-1
10835645
5563389
-1
-1
-1
8636576
283378
-1
1415739
8390415
-1
9096090
-1
10753603
208996
-1
7651927
-1
710076
-1
1054709
-1
10507447
3450718
-1
-1
-1
-1
-1
-1
1127325
4184757
8488904
-1
-1
7422192
-1
-1
-1
-1
2433253
356704
5616989
595224
-1
8554561
-1
-1
-1
9851034
4336939
-1
-1
-1
-1
2170692
4894919
2589128
-1
-1
-1
-1
-1
-1
-1
6371918
6618084
-1
-1
-1
7159651
-1
-1
4862114
-1
-1
-1
7750454
8385896
8964870
-1
-1
10392630
-1
1218883
-1
-1
135760
-1
10425459
-1
8571018
-1
-1
-1
-1
-1
1054786
-1
3532849
-1
316295
-1
4501102
-1
-1
799844
-1
3097942
4156477
-1
4090835
10097262
-1
-1
7810814
-1
3319524
-1
-1
6683782
-1
-1
8013076
-1
-1
77564
-1
1662024
-1
-1
-1
-1
-1
-1
-1
-1
152221
3040558
-1
-1
10343456
5863254
5420158
-1
-1
10425516
-1
11147602
1604136
-1
9801903
-1
-1
4320632
-1
-1
-1
-1
11820464
-1
-1
-1
7783362
-1
2778009
-1
-1
-1
-1
7940305
-1
-1
-1
11754835
8833678
-1
-1
-1
-1
-1
-1
-1
-1
6847956
-1
-1
2823451
5223271
-1
-1
5223274
5896126
-1
-1
11607157
8062382
3434481
-1
-1
5535092
-1
-1
-1
10294286
-1
-1
-1
-1
-1
11262541
-1
-1
-1
8948594
2745237
-1
-1
-1
2581131
4386342
2384201
6486952
-1
-1
8046000
8997839
-1
-1
-1
5321779
628234
5436658
-1
-1
-1
2638194
-1
2302163
-1
-1
-1
8571169
5617190
-1
-1
10967179
7619336
10868715
-1
-1
9780426
3401714
-1
-1
9129156
185162
-1
208752
3475336
10130232
-1
-1
-1
11492349
-1
9900484
-1
-1
-1
-1
-1
3606643
-1
-1
-1
3155573
-1
10369617
-1
9769210
7307561
1599689
-1
-1
-1
5535178
-1
-1
-1
-1
-1
-1
70322
-1
1120628
-1
11443149
-1
-1
2277000
-1
-1
-1
-1
-1
-1
9030742
5600844
10540556
-1
-1
-1
8620473
1104236
6503456
4033389
9900535
3122793
-1
-1
-1
-1
-1
4977242
-1
3040746
-1
-1
-1
-1
5453168
-1
-1
8571261
-1
4402869
-1
2581250
10474942
2466375
-1
-1
-1
5223427
-1
4025426
7094284
-1
11311913
1202738
-1
3352581
-1
-1
9353610
9260545
11065756
4452124
-1
-1
11820666
-1
-1
-1
644779
2958731
-1
-1
-1
4517780
5617318
8357956
-1
4952571
-1
6405051
2318713
5715791
5001811
-1
-1
3894174
2696172
-1
-1
-1
-1
-1
-1
8998003
1252012
-1
-1
11213492
2400786
-1
2581309
-1
6864582
-1
4386523
-1
-1
4796801
3954097
6979466
-1
-1
8729851
504070
-1
9391889
-1
-1
-1
3237768
-1
-1
415079
-1
-1
3549583
2630568
-1
497140
-1
-1
8636999
-1
2843918
-1
5026583
10950955
-1
-1
-1
-1
-1
6913855
5666620
-1
-1
6848215
10763411
-1
5305584
-1
-1
-1
-1
-1
1022319
-1
-1
-1
-1
-1
-1
-1
7471850
-1
-1
-1
-1
2368034
-1
251017
5929224
4058371
-1
-1
-1
-1
7020761
-1
-1
-1
11394097
11710442
9802232
4386603
7291351
4813291
9457605
-1
4503208
7274945
1186465
6815439
-1
7603169
-1
-1
-1
4846125
-1
-1
-1
-1
-1
-1
-1
6638611
-1
10754095
8046281
2466542
-1
-1
11082320
-1
-1
5937332
9509464
-1
-1
4140474
-1
-1
-1
-1
-1
3877904
-1
-1
5305664
-1
1957822
-1
-1
9302389
-1
-1
-1
-1
-1
1153692
-1
-1
-1
-1
8029906
-1
2368113
4189735
-1
-1
-1
8801230
-1
-1
-1
-1
1268586
-1
-1
-1
-1
2121963
8473021
3746654
-1
5601099
-1
-1
5502636
-1
6577462
3795895
4862611
-1
3040992
-1
-1
10754165
9424875
8571504
7424854
-1
-1
234720
6454490
4042074
1596836
-1
10918286
10836232
-1
-1
2363734
6897596
-1
-1
4714936
4796992
-1
169092
-1
-1
-1
10048518
2630747
-1
-1
8489477
5059579
-1
-1
-1
2483056
-1
7086283
4173392
-1
9187400
-1
-1
-1
-1
-1
5223704
10803445
-1
11870162
-1
4337515
3730309
-1
4025709
5141658
-1
-1
-1
-1
-1
-1
-1
-1
3910842
-1
5953619
-1
-1
4689661
-1
-1
-1
6372501
-1
-1
10261911
4993981
-1
-1
-1
9589065
-1
-1
10934770
-1
-1
10888166
1038941
9359319
-1
1038944
-1
7340770
2745691
-1
-1
-1
-1
-1
6454583
-1
9096756
7636178
-1
2909812
-1
-1
503797
9950135
8670078
1728226
-1
-1
-1
8817782
-1
5076076
-1
9999378
-1
6544504
-1
-1
4419643
-1
-1
5945869
6241268
3901681
-1
8227002
4271952
7291577
7094646
5765356
-1
-1
6503854
1072568
-1
7833148
-1
-1
5240213
4994049
-1
-1
-1
3118718
10179930
10114287
10918427
-1
-1
-1
7521354
10015827
645147
11148188
10912750
6062413
-1
2204197
8227035
9605560
-1
-1
-1
2450368
-1
-1
5305885
-1
-1
-1
-1
-1
-1
-1
-1
3861726
-1
-1
-1
-1
7127520
2499619
9260952
4567407
-1
6142865
-1
-1
7898845
1252391
-1
-1
399022
-1
1744726
743656
8847070
-1
2795034
6011591
11492866
464675
-1
-1
10393333
-1
-1
-1
-1
9654843
-1
-1
9490736
2105787
8893798
-1
-1
-1
-1
-1
9113291
-1
-1
10852860
5699807
2351964
7948116
-1
4140766
8522504
-1
8046587
7390148
2434027
-1
4222828
-1
8817910
-1
-1
7652732
-1
-1
-1
-1
4157194
10885705
9909447
3786651
-1
5535723
5273148
-1
-1
-1
-1
678073
-1
1236049
9868236
-1
-1
1465807
11574984
-1
9720543
3622483
-1
-1
9605670
-1
-1
-1
10934965
-1
11099077
-1
-1
-1
-1
-1
5010602
-1
5223947
-1
6757729
-1
6078761
-1
-1
-1
-1
-1
-1
-1
-1
-1
5207550
3829027
-1
-1
11460145
-1
-1
1794069
-1
10656011
-1
-1
-1
-1
-1
-1
-1
-1
9638538
10869364
6454806
1843316
3303896
11213999
9244680
-1
-1
7029198
11263237
-1
-1
7144079
-1
-1
-1
6497295
-1
11706343
4771464
7423074
-1
-1
-1
1121254
3419666
2959288
7997466
5240419
1383835
-1
3533678
-1
5315
7029224
-1
-1
7275392
8867260
-1
-1
-1
-1
-1
-1
9671406
-1
-1
-1
1219745
-1
2992135
-1
-1
-1
4173731
-1
3615759
-1
-1
5043519
-1
11813456
1219759
-1
-1
-1
-1
-1
7964686
-1
-1
7702113
-1
-1
1318237
4337862
7964694
-1
-1
6618995
-1
-1
2877290
-1
9261171
2155209
-1
2227070
-1
9665160
-1
2565490
-1
5946158
-1
6996464
-1
9679470
-1
-1
5782055
-1
8998613
5503071
-1
-1
-1
6110282
-1
2811673
-1
-1
5535902
5700013
8342185
5962591
-1
6675505
5535908
1974722
2932882
-1
-1
1980809
8391428
-1
-1
10409984
-1
11575167
7702172
-1
10951552
-1
-1
3221974
8768893
727504
-1
8637608
-1
-1
-1
1187018
-1
2434256
-1
10524881
7915533
9835621
2910180
-1
366477
7144221
4698983
-1
120316
11246975
-1
-1
3090711
-1
-1
-1
-1
-1
-1
-1
-1
-1
284440
-1
5076454
10147454
9244850
11542391
5240568
-1
-1
-1
-1
8030443
-1
8998694
-1
-1
5920346
-1
9491029
1866751
16464
6340120
5503160
6323711
8260210
6113177
67544
-1
7938661
-1
5995498
-1
115673
6980161
5535994
-1
148041
3139991
5701120
-1
-1
-1
-1
6865294
216860
-1
233774
10607006
8128946
7817138
9786459
-1
6881714
8719747
299791
-1
314653
891704
6602733
-1
345263
8145370
-1
4928816
380014
-1
397192
1449688
412496
2647693
427102
-1
443818
-1
-1
-1
479335
7202981
-1
-1
-1
5052745
8243857
8900298
-1
3632369
561532
-1
575818
7242793
8128988
-1
2795415
-1
6980222
2467198
644164
-1
5601702
10607058
7702312
-1
-1
-1
1777945
10500042
722975
-1
740699
-1
733114
3714450
-1
7282694
-1
7581645
678420
5570
823955
-1
842467
10705546
854606
-1
-1
-1
891723
-1
907087
-1
921274
-1
-1
-1
-1
5798671
968460
-1
1559259
4173986
1004414
11526116
-1
8440850
1037543
3714484
1055474
7751592
-1
-1
1084794
10164013
-1
-1
10196838
1055912
1135420
-1
2024164
10262487
1170535
-1
4574170
-1
1200592
11224367
1218254
7390570
8573505
-1
1252856
-1
2270343
3090894
4567885
-1
1297092
1958539
9409134
-1
990293
-1
-1
10403658
-1
-1
1378871
-1
4863297
-1
-1
4666368
4797657
-1
4945358
-1
-1
-1
1479601
-1
-1
-1
1514887
7275729
7013154
-1
1546792
-1
1561305
-1
4863319
10147662
1400552
2024219
1860110
9835857
10459476
6520837
11723125
-1
6602895
-1
1675764
6373144
1692840
4059195
1707128
5322844
1724737
1482672
8506581
-1
-1
-1
1773612
-1
1794368
-1
10919006
-1
1822858
-1
1843434
-1
1856226
5043875
8047089
5273631
-1
-1
7052747
-1
3310125
-1
1938536
11821628
6422410
7587592
-1
10844603
1988254
6602936
-1
-1
-1
5798801
2035334
5027486
2795591
-1
-1
-1
-1
-1
-1
11345729
2121976
-1
3058177
4305414
-1
6061393
2166815
8663724
2185669
6291151
2155580
7571211
-1
3353586
10919058
-1
2252511
6209104
2265656
-1
-1
2746387
3484883
9212323
3468474
2237650
2331931
-1
-1
-1
10180579
4305442
2383796
432448
2399157
-1
2415345
645795
2432020
1417114
11665296
-1
-1
-1
2483178
11407398
11362187
-1
-1
-1
2530159
-1
2547753
-1
2563767
-1
10820634
8546429
891981
-1
6438901
3731087
-1
6061451
-1
-1
2659668
10016506
11329387
9524178
8644906
-1
2713039
-1
2729895
8260537
1942303
1285864
2762002
11772495
-1
-1
-1
-1
2808708
-1
8818522
-1
4453198
1745114
2856420
6159945
1942319
7522060
2890773
7997981
2906764
-1
2922521
1827449
-1
-1
2956885
-1
-1
7751826
-1
-1
7538486
3818857
-1
-1
9508993
2500180
580228
3091112
-1
-1
9983735
7981594
3103971
8326227
4289122
-1
10869935
-1
-1
1072571
8687276
-1
3189298
-1
-1
5060450
3221100
9704765
4436835
-1
-1
-1
3269394
7768273
-1
-1
3299727
-1
7866744
-1
-1
-1
3350066
-1
-1
-1
3382154
9146811
-1
5651270
-1
777205
7095977
4330351
3448372
-1
7456487
-1
3483335
-1
7243833
8851427
3515515
-1
3531664
9547628
3548196
7833951
3564556
-1
-1
2976299
-1
-1
3615154
10122143
11001283
8785799
5582656
-1
-1
1712662
3679940
1991651
11823327
-1
563897
-1
4322018
-1
-1
-1
3763425
-1
3777458
6553921
3793144
-1
-1
6691384
4650250
-1
711612
-1
2008083
2730168
3876881
-1
3891746
11510057
3906904
-1
3924779
-1
2730177
-1
3956443
-1
-1
-1
-1
-1
11345960
10591055
4026032
-1
4040134
3140465
-1
-1
4075539
9393060
4086865
-1
-1
-1
4123019
9721286
6143689
9573589
4155445
2401984
2418396
-1
-1
1794781
284970
8720225
4222656
2352759
4238155
2598926
10459796
-1
4272405
-1
2648164
-1
4303764
-1
809280
7522236
-1
-1
10033122
11690634
4369719
-1
7751997
6389885
4400519
-1
8408441
8145866
4431624
-1
4451843
4223641
-1
-1
4484979
-1
-1
-1
4516370
-1
4533392
-1
4549604
-1
3977489
1318908
4582463
-1
4600994
-1
4616850
-1
4630109
-1
4644909
-1
8375649
4420537
11510152
7702801
-1
-1
5356031
-1
4727740
-1
4746829
4912939
-1
11388290
4776331
1926141
4794676
-1
4811627
-1
268635
5963253
-1
5618624
4860974
4256513
-1
6816631
4896540
-1
4909882
11231194
4925412
-1
1383946
-1
-1
-1
-1
-1
4994544
-1
5007700
-1
-1
-1
5043369
10804524
5060258
8769562
5076178
4453471
5090477
-1
5106901
11526616
5121545
2287225
5142352
4889240
662539
-1
5172687
10715291
5187966
-1
5203082
-1
5224337
6636152
5238446
-1
2188774
1138471
5273995
-1
5287934
4420675
10624034
-1
7331386
-1
4650434
-1
-1
-1
5369126
9261930
1876981
9967605
10033250
9048591
5421762
8375742
5435583
-1
10279421
-1
7013634
9475285
5485230
-1
5500664
1450310
7818200
-1
5533466
5930517
5551955
-1
5568038
2352923
5582669
6537730
5598791
9803521
5614227
-1
7653683
-1
5646543
-1
5667278
-1
5679574
1056468
5700379
1581622
5716028
3009381
5729209
-1
5744953
7013669
7604466
4355089
5782807
-1
5794509
10509218
8621954
1007251
1499582
367224
11543116
-1
5861151
-1
5880332
-1
2549894
-1
5910206
-1
5925139
-1
5945979
-1
7620901
-1
5976155
-1
2615550
4880269
2188866
11444671
-1
10197437
7489623
514949
-1
-1
8047601
4863868
4732581
-1
11435040
-1
-1
-1
-1
-1
-1
-1
6176341
9097918
6189925
-1
6204437
-1
6222417
-1
9524611
11477521
10525684
-1
6273205
9934891
7818153
3337671
6307323
-1
6800483
9360512
6336782
-1
-1
4272596
4076175
-1
6385072
4896728
6406159
-1
1302722
-1
3961306
-1
908862
-1
8901021
-1
9442586
3616682
6502698
-1
-1
5799349
-1
8835386
10952406
-1
-1
-1
8802569
-1
6601575
-1
6617234
9459014
6633152
3730867
6647548
-1
6665500
-1
5569614
10164695
6698277
-1
-1
-1
7599255
4273152
5454745
-1
2599233
8917469
6782754
-1
6796805
6751221
6849688
11313481
4273163
3879300
2417642
6406596
7276380
4388045
-1
-1
1564056
1450480
-1
-1
-1
-1
6944873
11149387
6963861
9147247
9738044
-1
11264269
10525775
7011768
4461445
7025338
154027
7046143
-1
7059814
6997406
7077604
-1
4880402
-1
7111446
-1
-1
-1
7140195
-1
4568601
10854015
1023827
4273206
-1
7850806
11658159
9163688
37859
6570752
11740218
4043460
7254881
-1
2402363
-1
203291
-1
4896839
-1
7321496
-1
7340323
-1
7353915
9711312
10148875
2878295
-1
7374911
6209731
-1
9130891
-1
7439144
-1
7455811
1335671
4749160
-1
7488663
-1
7503419
5372783
7521066
-1
7536214
9826195
7555345
-1
8179071
9475541
7583906
-1
5602548
-1
2041363
4748477
1680323
465910
7652911
-1
7666311
-1
8343195
6029245
7699428
10246874
-1
6094893
7731364
-1
7751751
-1
3419905
8014986
154118
11116667
11576176
-1
7813323
3469145
7834006
-1
7850793
-1
7863775
7063160
8162698
-1
9721745
-1
7911671
1171617
5110258
5340013
-1
5848756
8474517
4716399
10804881
-1
2205519
11133104
8228358
4157489
8026072
-1
8043826
-1
8063902
11494154
-1
9508425
8622232
-1
6652914
6455577
4485776
4280823
-1
-1
7325635
4191271
1335758
-1
8195397
2336832
4928971
-1
5520569
9524854
3485607
-1
-1
-1
3419967
-1
842080
2550187
6488828
794212
8325601
10088739
8340396
1483478
8354455
252655
9541282
9590516
8389533
1268403
4486698
4552343
-1
2648669
8440126
-1
8458090
-1
8469882
6882713
-1
-1
-1
-1
-1
-1
3042546
-1
9098207
10509554
4060032
-1
8585761
-1
8603860
7210607
-1
-1
-1
-1
5766786
4897004
-1
-1
8686660
9196690
5438572
9951598
8718247
-1
7177762
1303005
8751795
9251522
8764868
-1
-1
10640870
1284769
2107152
4158528
10000845
10214189
-1
9246015
10558823
8865109
-1
8879975
9639811
7046874
8671564
-1
2927716
5389367
3206705
876344
-1
433249
8228475
6374033
55799
8998967
-1
1024051
7883850
9029158
-1
9044897
1253810
-1
-1
-1
-1
9093136
9377261
3141082
7736163
9125974
515325
4995529
10044793
9163073
11828627
9178058
3272379
8901353
4453973
-1
1499995
9228291
449693
3566400
2648769
-1
367642
9278800
10466168
9293306
6571004
9308977
-1
9327213
-1
9340985
-1
9902444
10805050
6144327
8376224
9391407
1385140
1005640
1680540
-1
-1
9439874
10903526
9457564
4994478
23036
-1
-1
4683763
9507794
6390509
-1
3617052
8884984
8835752
-1
1696969
1073352
-1
-1
318449
9603712
1188234
-1
-1
9639310
6932088
9652428
8441902
4979182
-1
-1
1992383
9702284
-1
5405874
7063386
-1
6932100
9751285
663100
9765933
4847907
-1
9590688
9799711
-1
9819435
1450836
-1
1861113
9852339
7621376
7687021
-1
-1
8343464
9901375
11625666
-1
9180429
9934310
-1
-1
-1
-1
-1
-1
2238584
10000784
-1
220034
6833668
10030591
1040587
10046703
-1
5405916
-1
10079167
-1
1563666
-1
10111484
11313883
10127924
2534000
10145838
2041672
10162468
5176175
10179561
-1
-1
843675
10213610
10509756
10225366
3814070
4503333
-1
7342438
7506549
10276363
5684930
3796610
10318307
10308170
9771273
10324251
-1
5635704
4765922
10360395
-1
10794335
3239703
10389861
8491225
-1
5635713
-1
6029579
10442078
5586484
-1
6456269
5619309
7260410
10489136
-1
10509655
1145604
-1
6259345
9098449
7342473
10557008
-1
4093098
3174083
1040654
5241871
10607195
11470004
5668560
7965451
10637318
2335104
-1
11100606
1941673
-1
10685843
5373171
11117022
9311813
-1
9361048
9705491
-1
10752446
1582238
10771090
6046032
10785406
-1
-1
-1
4470581
-1
9787747
-1
8441606
10132381
6948648
-1
10881964
-1
10903290
3879796
10918140
-1
10933263
-1
10948600
-1
679658
-1
3092077
-1
-1
7834859
-1
-1
-1
9606901
1057121
-1
-1
-1
10427806
9016461
11096866
-1
11113424
10641154
11132461
-1
6111721
-1
11164353
8261565
-1
-1
11625823
1202401
5257389
-1
9393931
11281197
11247124
-1
11261030
-1
-1
10657585
11297355
11018629
11310724
-1
11326750
5815000
11341827
-1
11362829
-1
11378638
1451026
1746425
-1
11625849
597658
-1
-1
9229847
-1
11458271
-1
1270516
-1
11489967
5520968
11507143
6702562
11527250
9738599
1090003
5865605
10263754
-1
6243061
958720
11590586
-1
11604222
-1
11624373
-1
-1
417165
-1
-1
8015461
-1
11690975
-1
11707610
-1
8688318
9426814
11738949
-1
11751763
-1
11772842
-1
11789108
8310874
11802297
5528063
-1
-1
-1
5242023
2435743
-1
663357
9376989
1024401
-1
5570250
10230975
7226619
8442178
4634827
-1
9361197
-1
-1
-1
-1
-1
-1
-1
8474363
1664447
-1
-1
-1
-1
-1
-1
-1
1385468
4224572
-1
-1
5896979
3797890
78595
6407241
-1
-1
8754017
-1
-1
-1
-1
-1
-1
10903865
2140392
1467542
5110785
8063998
-1
-1
-1
-1
-1
-1
-1
4044079
3371229
-1
4290247
-1
8048368
10887472
7933493
8540701
-1
-1
-1
-1
7654512
1762964
-1
1303458
6422217
-1
5603143
-1
11100830
-1
7293480
7227837
-1
2353772
10920315
2041965
-1
466511
499334
2370189
11790104
-1
-1
-1
-1
-1
-1
7785827
10575188
-1
1451184
-1
-1
-1
8336303
-1
4733390
-1
10116200
7145810
7260688
7424799
335248
9328477
-1
-1
-1
-1
-1
-1
6225729
9820815
6702726
-1
10362381
-1
-1
-1
-1
8622820
-1
-1
-1
647078
3125140
-1
2911799
-1
10559327
-1
5307809
-1
-1
-1
11330650
-1
2042026
3715949
-1
9541856
11084491
-1
-1
-1
-1
7178678
-1
-1
4864730
-1
10764046
-1
-1
-1
203723
-1
9771627
-1
5291426
-1
-1
-1
8557219
4273949
-1
-1
-1
8343881
2058469
5470042
-1
8556571
7605391
-1
-1
7375640
7999259
11658913
138392
11363017
6440218
-1
4831942
2501581
-1
4290382
3502655
1976433
942541
-1
8327493
236871
-1
-1
4914009
-1
-1
8212623
-1
-1
3814478
-1
-1
-1
9738853
-1
-1
-1
-1
-1
-1
10789164
1139497
-1
-1
-1
-1
-1
-1
-1
-1
-1
-1
643005
6637194
-1
-1
-1
-1
-1
7940798
-1
499488
-1
-1
-1
-1
11806672
3880160
-1
-1
-1
11084593
8244450
3830933
795630
5521268
-1
-1
-1
-1
-1
-1
6440291
11592752
-1
-1
-1
5472047
-1
1681108
10460994
-1
-1
-1
5389999
6512762
-1
8590147
-1
-1
11002567
-1
8375865
7490616
-1
8573744
-1
-1
-1
-1
2715022
9427122
-1
11478499
6274749
-1
3238158
-1
5275146
-1
4864873
9509187
-1
-1
11757497
11511333
-1
-1
7523463
8293291
-1
-1
-1
-1
-1
1073947
-1
-1
5094645
1894501
9427151
-1
9475158
6112132
-1
-1
-1
-1
-1
-1
7702330
-1
-1
11330840
6981926
-1
-1
827804
-1
-1
-1
6276260
6407549
-1
-1
-1
-1
-1
-1
-1
10887760
5143911
-1
9771815
-1
9230254
-1
3076131
-1
-1
-1
-1
4126440
1484270
-1
-1
1188875
2157125
8639471
2403292
-1
7983034
-1
-1
1517103
1205295
-1
11741159
7244546
9230278
5207200
-1
-1
3617720
11526971
-1
-1
-1
6145019
2994108
-1
5751158
9049770
-1
10246591
5209599
8081525
2780773
-1
-1
-1
-1
-1
-1
7146106
483241
-1
-1
-1
6030163
-1
696590
-1
-1
8277197
-1
4930633
-1
-1
9164674
-1
-1
-1
-1
-1
-1
-1
-1
4668069
-1
11593513
1648448
8655946
-1
-1
-1
-1
-1
4914244
-1
-1
9689848
-1
7818996
-1
-1
-1
6604586
6982040
-1
-1
630986
-1
-1
-1
-1
-1
9574987
6095856
1473572
-1
1106915
7277452
2403386
-1
-1
-1
-1
-1
-1
1714131
-1
-1
2830082
253556
11510465
11527915
-1
-1
-1
-1
11806907
5898948
138688
-1
9015375
-1
8294959
-1
4815829
11707430
-1
4635311
-1
-1
-1
-1
-1
9130267
-1
2075203
2075204
-1
-1
-1
6719521
-1
-1
3601434
-1
-1
1960337
11610006
434116
-1
-1
-1
3147771
1599302
-1
11165705
-1
-1
7162636
-1
-1
5636416
5718472
-1
-1
-1
1008519
-1
1418796
2567567
-1
8065254
-1
10855126
3959501
11675678
-1
-1
4783061
-1
-1
8656060
3929693
-1
-1
-1
319277
-1
1993201
450568
6309296
-1
2206548
-1
-1
9048582
-1
2222964
7160402
4815904
7129856
-1
8114518
450582
-1
-1
-1
-1
1697823
-1
-1
-1
1179286
10116671
3355340
-1
-1
-1
-1
11313376
5373899
-1
-1
10609011
8295061
-1
-1
2042473
2912257
10297208
2321463
-1
-1
-1
-1
-1
10182338
-1
11116377
-1
7064252
-1
10346454
-1
-1
1747093
3224084
6553628
-1
-1
-1
8820240
2419951
1842807
-1
10223202
-1
3798480
-1
-1
2419959
-1
-1
-1
-1
-1
-1
-1
-1
-1
-1
9640810
-1
5472418
-1
-1
10838818
-1
5685766
9050022
6883771
-1
-1
7655091
-1
-1
-1
4944288
3601579
6503711
-1
8933129
7343291
8442829
-1
3371832
8984395
-1
-1
1090707
8853111
-1
-1
7097137
-1
10689520
-1
253754
-1
11444606
3319180
8131038
565568
-1
-1
-1
6873667
7819235
352231
4123506
-1
-1
-1
5636578
-1
-1
-1
8703283
-1
6916642
4766802
6703301
-1
-1
-1
3355461
-1
-1
-1
-1
7504975
-1
1332933
-1
725576
8262360
-1
-1
-1
10510671
-1
-1
-1
-1
-1
-1
-1
1353341
6670506
8196730
-1
-1
6342290
-1
-1
8933055
-1
-1
-1
-1
6145366
-1
-1
-1
-1
2138198
-1
138947
-1
-1
10691223
-1
-1
-1
-1
7326973
-1
4504283
-1
4651984
4504286
4747204
5849990
2813956
-1
-1
6457201
6506435
-1
2830373
-1
352314
9640941
-1
4422245
-1
-1
8046603
-1
-1
7983438
6194640
4996638
-1
-1
-1
-1
89754
-1
-1
-1
1533926
2009846
5587445
-1
-1
-1
-1
-1
-1
7606005
-1
-1
-1
9919960
-1
467226
11003089
8311686
9378402
-1
7967058
6965988
10182545
-1
5800810
9394820
-1
4947441
-1
-1
3191467
5157518
-1
-1
-1
4241776
6966003
-1
-1
7212171
-1
-1
-1
9181495
-1
-1
-1
9901437
9854351
5387310
-1
122631
-1
-1
-1
11610335
-1
3470481
1878615
6284430
2157604
-1
-1
-1
-1
10707740
6112661
-1
-1
6621405
-1
-1
4553622
-1
-1
-1
-1
7934293
9345640
-1
6588594
2059159
-1
10674936
-1
-1
-1
-1
9638756
-1
11807302
-1
11446262
9362066
-1
-1
5128031
11758076
5800884
-1
-1
6178340
9920049
-1
-1
2075594
-1
1632499
11446278
-1
5095223
-1
10395978
-1
-1
-1
664259
-1
-1
5882960
-1
-1
-1
6687103
-1
-1
8804125
-1
4209047
11676053
-1
-1
10034956
-1
-1
1058142
2535133
-1
8787726
-1
3207988
1998586
413472
844807
4389584
6506604
11610426
-1
-1
894046
6129156
-1
-1
10773472
-1
746353
10163968
5062448
4865517
11495562
-1
3607148
-1
-1
-1
-1
-1
-1
-1
5800955
910478
-1
-1
910481
8558008
5784550
9033929
-1
8131326
4153381
9723195
-1
-1
10442996
2781346
-1
122766
-1
-1
-1
6864519
-1
910500
9230878
-1
-1
4077827
-1
-1
3487034
-1
7212333
2535199
-1
-1
-1
-1
7671847
53493
5144555
-1
-1
-1
3454226
-1
-1
155618
-1
-1
6670788
-1
-1
-1
-1
-1
11347929
4586598
1895195
-1
4143504
-1
-1
7146720
10527387
-1
-1
6506695
9969417
1091067
11495642
-1
9312981
11265891
7734461
-1
-1
6441061
1452118
-1
-1
10182773
-1
-1
6244136
11249492
-1
-1
2013974
-1
3684026
-1
11118211
-1
-1
5961620
-1
4176363
-1
-1
4274832
-1
7491390
10511015
10314084
-1
-1
-1
-1
-1
-1
-1
-1
-1
7524224
3831750
-1
-1
5998005
-1
-1
3602002
3651236
-1
8883461
-1
-1
5374396
11528522
-1
-1
-1
5719032
385458
10314114
10675157
-1
-1
7852468
4356926
-1
-1
779331
11085440
-1
3979479
1353720
577448
-1
11659831
-1
3946663
-1
725177
-1
-1
4832862
-1
-1
-1
1874220
1731188
-1
-1
-1
5981641
-1
-1
-1
894235
8673050
-1
730429
11165097
-1
-1
9460784
-1
-1
-1
-1
8902815
-1
1534278
-1
-1
9985946
6441652
11148667
11823981
-1
-1
-1
10461872
2694936
2748704
6256989
-1
-1
11413716
2863586
11183964
-1
-1
5850392
-1
-1
664519
-1
7475086
-1
-1
-1
8574627
7672023
-1
1452256
11282446
2141520
3142592
-1
8722334
4422653
-1
-1
10527548
8279242
-1
-1
8820808
7524340
-1
-1
-1
3159018
7114070
-1
7868978
484029
1238936
3191846
-1
1529423
-1
8016684
-1
-1
10822968
-1
8673129
7491538
5157129
1796923
-1
5029892
5407346
2010270
7606422
877913
-1
6572532
-1
-1
6949988
-1
2880062
10215780
11082928
8476216
11329151
4586811
-1
-1
-1
-1
2678440
-1
-1
5801233
-1
-1
369195
6671020
-1
11315335
-1
254323
11659969
-1
-1
8213662
-1
-1
-1
-1
8394188
-1
9559371
-1
-1
-1
8115207
-1
-1
2420593
11381000
812317
3700654
-1
9263985
6315299
-1
-1
-1
-1
-1
10511228
7557249
-1
-1
-1
-1
4586863
-1
5288376
2896533
2108806
9789155
2880125
9641458
-1
10790230
5587944
-1
1321086
1862650
4504822
11807718
-1
-1
-1
-1
11321553
-1
8853745
-1
-1
11397453
3142721
4783822
320031
-1
-1
5440266
10905130
1928314
-1
-1
-1
-1
9854832
10183053
2469884
-1
-1
-1
4865894
-1
-1
-1
-1
-1
11676465
4225872
-1
-1
8866794
8689668
7147035
6933693
-1
1583709
1616532
-1
-1
-1
-1
-1
-1
-1
-1
10576947
-1
6014691
-1
7048586
3170769
5965462
-1
41093
-1
-1
-1
-1
-1
-1
-1
-1
176414
-1
-1
-1
4242322
7984031
-1
-1
1846320
-1
8164557
9936946
6397314
-1
-1
5817789
-1
-1
-1
-1
5259820
9313338
24713
-1
-1
6283666
5473169
385760
-1
11446776
9313347
-1
-1
-1
-1
-1
11725770
2617666
-1
7672256
4669044
7409682
1058626
10314431
8131769
57558
-1
-1
-1
-1
7114293
-1
2108940
-1
7524572
7655861
-1
5341912
566312
11151408
3897747
-1
6502940
-1
10117520
4652658
4915235
-1
-1
2666931
4012634
1764328
8181030
2863867
10462161
5883493
1928443
-1
-1
-1
-1
-1
-1
-1
8574906
-1
10281652
9704697
57601
-1
4576623
4061888
-1
-1
-1
-1
-1
-1
-1
-1
-1
9953447
-1
-1
-1
-1
-1
-1
-1
577078
3093658
8689810
-1
1830014
11545327
-1
-1
5506082
7376937
-1
-1
10888894
10068345
1255639
5522500
-1
-1
-1
-1
9592433
-1
-1
-1
-1
-1
2699819
-1
-1
6277420
8246741
-1
2207495
9920666
6425124
-1
-1
-1
-1
-1
3536794
-1
-1
-1
-1
-1
-1
-1
10101202
2502910
9887861
-1
-1
11840773
8837561
730528
-1
-1
-1
-1
9149376
-1
7508278
8919625
-1
-1
6129758
-1
-1
-1
2798329
-1
878244
4061979
3865048
-1
7409826
7508293
-1
-1
7573940
-1
2781930
-1
7754465
-1
-1
4718433
-1
-1
11742344
-1
-1
3635313
-1
-1
-1
1157256
7935000
-1
5128721
5752340
-1
8509390
11313206
11742359
10954632
-1
1616775
-1
-1
8197589
-1
-1
-1
-1
5407724
-1
-1
-1
7442692
-1
-1
7307105
-1
8361713
-1
-1
-1
9855118
7488731
-1
4554368
-1
2995325
3504067
2486586
-1
-1
7327834
-1
-1
10708503
9559734
-1
-1
-1
-1
6343183
8197627
-1
2092737
-1
3618962
-1
-1
-1
-1
-1
2798418
-1
-1
1813761
-1
6966817
-1
205487
11512667
-1
-1
-1
-1
4127722
-1
6458086
4296186
-1
-1
1567612
1961477
-1
5670365
-1
-1
-1
-1
6228344
9116681
-1
10068521
9461315
-1
-1
783581
1009654
10010089
6802739
1200651
-1
-1
-1
-1
-1
-1
11758869
-1
-1
-1
-1
-1
-1
-1
-1
-1
11542084
-1
2142035
-1
-1
-1
9658277
10163217
-1
3126702
7163809
-1
500945
-1
-1
3909094
-1
-1
7997514
-1
7918725
-1
-1
-1
-1
-1
-1
2404636
-1
-1
-1
7590516
993295
-1
-1
11561982
3815991
1419986
-1
-1
9097241
-1
8919818
-1
-1
7339799
-1
-1
-1
878435
10134240
-1
6999741
-1
7689005
-1
-1
-1
9330109
11758938
4849908
-1
-1
3701141
8197756
-1
3848843
-1
-1
-1
8673681
763580
4538111
-1
3537042
-1
-1
5539187
5440722
3208827
4209899
-1
-1
-1
-1
-1
7278762
-1
1961600
5030458
3848867
6491039
10856366
-1
100735
-1
-1
2201852
-1
-1
-1
2207778
-1
-1
4538143
6359765
-1
6409000
9248104
-1
3356557
-1
-1
-1
-1
-1
11791817
1206723
7180328
-1
10150721
-1
2732951
8460391
829277
-1
8608093
7459324
-1
5851048
-1
763640
9773280
11147991
6983412
-1
-1
4017060
1485731
-1
9904576
1190336
-1
-1
9445072
8045544
-1
6765172
9527131
-1
-1
3914572
4910272
-1
-1
-1
-1
11151829
402625
-1
-1
6556753
-1
-1
1584223
-1
1781157
-1
1502172
11512883
-1
-1
-1
-1
-1
-1
10507763
-1
-1
1249700
3241750
-1
550348
9461522
7902478
-1
-1
-1
-1
-1
-1
8570778
-1
11414441
5408016
599594
-1
-1
-1
-1
4751582
-1
-1
-1
-1
8805104
10396972
-1
-1
3241779
-1
1315328
-1
9494374
-1
-1
550382
8115854
5309574
-1
-1
-1
-1
-1
10380579
3537193
11037021
-1
-1
5330134
3143334
-1
6671701
1157606
9310526
5977164
-1
4177234
2388436
11759118
-1
-1
6310669
-1
386300
-1
2109457
-1
-1
5982456
501183
-1
-1
5818350
238611
1141217
-1
-1
-1
6682985
-1
-1
-1
-1
10068810
2093065
2142299
-1
-1
-1
3176196
-1
-1
4997820
-1
9067750
-1
-1
-1
5280867
-1
7886164
-1
-1
-1
-1
-1
4833724
648920
-1
-1
895088
7525133
9445221
6934339
11627886
7278972
-1
-1
4768092
-1
-1
1600772
-1
4374233
2355681
-1
1469489
3553687
11633070
-1
-1
4275775
3816268
8575459
9166256
1387443
6015346
-1
-1
10347853
2470574
6195872
1288984
3734224
-1
-1
9412433
2076717
-1
-1
7323098
337155
-1
501267
11742803
1223353
9549774
8604672
-1
-1
1010015
-1
-1
6852334
-1
-1
4160933
-1
11742817
8493440
-1
1223369
-1
-1
7590840
-1
5621522
-1
-1
-1
9440603
10807403
1042859
8931735
10594063
-1
-1
1010042
-1
6606195
-1
-1
-1
-1
-1
-1
2109588
-1
10774598
3685047
-1
10101750
3602995
3750695
-1
-1
3799931
-1
10856663
8230904
-1
8247317
-1
11283354
6573398
6573399
-1
-1
6228771
-1
7065734
-1
-1
-1
-1
-1
7393960
-1
-1
-1
-1
-1
7082157
-1
-1
-1
3350582
-1
-1
517764
-1
-1
-1
-1
140316
10823878
2322981
-1
7016529
-1
8936618
10905939
-1
-1
-1
10528490
10544902
9100735
10561315
10988002
6403748
-1
10544908
11710090
6130351
10869750
7640165
829601
9658720
-1
6064713
-1
-1
7519955
-1
-1
-1
5014416
-1
8362262
11578819
-1
11398300
-1
7361196
7344786
-1
4893541
-1
-1
-1
-1
-1
4275937
10233131
3192813
-1
-1
3537447
5277014
-1
-1
1177265
-1
-1
6918120
1207093
-1
-1
7213522
-1
5211382
-1
4401065
-1
7016596
-1
8313067
8460767
-1
4817527
1617383
-1
8362306
6649909
-1
8181788
5375508
-1
-1
-1
1938797
6737626
3849291
6589929
-1
4128281
-1
9839311
-1
-1
-1
-1
3635958
-1
-1
-1
829681
-1
468641
-1
-1
2782595
-1
-1
-1
-1
8969547
5375539
-1
8231055
10676295
-1
11004517
-1
-1
7180757
468659
-1
-1
1085178
-1
2979547
-1
8149014
8034138
-1
3685225
-1
-1
9839353
-1
-1
7180774
3586766
5654553
8674178
-1
-1
222516
-1
-1
-1
-1
-1
10479397
9527560
-1
-1
-1
583569
8411617
-1
-1
4883255
1453357
4210406
3307802
4587861
-1
6868992
-1
-1
-1
7804423
11168679
5129432
9314238
5632085
1617481
-1
-1
9560408
-1
4817631
1314933
-1
7312106
-1
2520096
9544005
-1
-1
-1
4046324
2011361
-1
8624996
-1
-1
-1
-1
8477302
-1
-1
10052761
2027783
-1
-1
-1
-1
-1
1978556
3947877
-1
-1
8378850
-1
-1
353874
-1
-1
-1
10807685
5884386
-1
-1
-1
-1
2564164
-1
6255802
9593280
1190849
-1
-1
1437017
-1
10397425
4817686
7985010
-1
5113087
10561540
-1
-1
11858012
961109
1601139
-1
1699607
-1
-1
-1
-1
-1
-1
10348211
-1
11349284
-1
-1
-1
-1
-1
9035339
-1
-1
6994440
-1
8231205
-1
4079224
8407526
-1
10047623
-1
2749938
-1
-1
9084587
10966857
3127396
-1
-1
4860473
-1
10835531
-1
2323264
-1
9937970
-1
4144889
3964369
-1
1043213
3127411
-1
7043654
-1
-1
9823104
3357171
1702392
8772803
8822037
3350271
-1
-1
-1
-1
-1
-1
-1
2299703
-1
7541990
-1
386796
3619764
-1
-1
9133863
-1
-1
1732505
-1
7903043
3997226
-1
-1
-1
608940
-1
-1
8674368
-1
-1
-1
11541323
-1
3045401
-1
-1
-1
5910972
9932646
-1
-1
-1
2175627
-1
1371490
4883445
3586977
-1
-1
-1
-1
3948024
-1
8083598
-1
9166726
-1
-1
8296946
-1
6114285
-1
-1
-1
11825317
-1
3980861
-1
1076116
-1
11152472
-1
-1
-1
-1
-1
8323938
9675489
-1
-1
1683335
-1
3713063
7656942
-1
-1
4932719
-1
10217063
7591304
-1
1026906
3127515
-1
-1
-1
11415074
-1
-1
5983036
-1
8100057
10869997
6262027
-1
10299135
-1
288427
7012264
1643000
-1
8575986
9675524
5753296
10162380
9839637
8690868
9872461
1513569
-1
9773998
-1
-1
7377995
-1
1601325
-1
-1
-1
436148
-1
682315
1552099
1289524
-1
3521422
-1
-1
-1
3669125
7886753
-1
7919577
7306141
11349478
-1
6048727
-1
11541206
-1
-1
3980946
-1
-1
-1
-1
-1
10266365
-1
-1
9544284
-1
1765472
8740148
-1
7141969
-1
-1
-1
6688779
-1
-1
-1
-1
-1
9560710
-1
-1
-1
8395533
10381265
-1
-1
-1
3127607
3570705
-1
9872531
-1
-1
-1
2996326
173635
-1
10972075
-1
-1
-1
-1
668208
11497233
-1
8707365
-1
682388
4328527
-1
-1
3554317
-1
9527923
-1
4949256
2717361
11858289
6327783
-1
2930708
214786
-1
-1
10348484
-1
304954
-1
-1
11059625
616767
9019200
11119809
7410924
7673501
2011707
3406643
-1
7962649
-1
600366
-1
10129425
-1
6508330
4522600
-1
2307117
-1
10561852
10036701
6984256
-1
-1
11874737
-1
7575057
-1
813727
8674597
-1
4030286
2553297
9068465
-1
-1
-1
10561870
-1
-1
-1
6639645
7968937
8313569
10397767
8034584
11349607
3488739
-1
9889031
-1
9331059
5835517
-1
10578298
6902235
-1
-1
-1
-1
-1
-1
-1
-1
10840884
9347484
-1
-1
7273159
173739
-1
-1
-1
-1
-1
4276495
8405786
6853024
-1
9544430
3882636
8970047
-1
-1
-1
-1
-1
7158235
6278650
928665
4243688
4604731
-1
10381405
945081
-1
-1
-1
8691077
5343234
7148445
1601528
1125610
-1
-1
-1
-1
-1
11606679
518410
2143100
6606893
-1
-1
-1
305073
-1
3652919
6623311
7164875
-1
7985427
-1
-1
-1
8149541
-1
4083774
7050007
4046795
-1
-1
-1
-1
-1
-1
-1
8280841
-1
-1
4407848
633319
-1
-1
-1
-1
1035381
-1
-1
-1
9659378
1092837
-1
4670437
9839903
403579
-1
-1
-1
-1
-1
-1
7273065
190244
7706483
-1
-1
-1
1043621
945156
-1
-1
-1
-1
9971211
-1
9167074
5523833
8182416
3702214
11070754
-1
-1
5122679
-1
-1
-1
-1
8855277
-1
-1
-1
6370210
-1
-1
2126774
4785357
-1
-1
8701133
6968024
1174942
-1
7247014
10873846
-1
8970172
-1
11825688
-1
4820831
-1
9482406
4161756
-1
-1
7624480
-1
3324800
2332093
-1
-1
10562055
-1
-1
132477
-1
7312682
-1
-1
4079718
-1
-1
-1
-1
-1
-1
-1
-1
11005169
-1
-1
3488934
9117908
-1
-1
-1
-1
-1
-1
-1
8407269
9383902
-1
-1
-1
-1
-1
2553523
42641
4293091
-1
2249975
2750460
-1
-1
-1
-1
6836804
9150756
6918861
-1
10873914
-1
-1
-1
-1
-1
-1
-1
6689117
-1
1929929
-1
5392652
1314297
-1
59080
487496
-1
4410441
-1
11530374
1519665
5573183
584240
-1
-1
-1
-1
477117
7324503
1388386
-1
-1
5392673
-1
4851112
-1
2307409
-1
-1
8445126
-1
8051264
5737314
8560007
-1
764784
-1
9331328
-1
6804036
-1
2799754
2931043
-1
-1
-1
6246069
-1
-1
11481181
-1
-1
-1
2914643
10709869
-1
-1
-1
-1
9922146
4342407
7263566
4194710
-1
4834741
-1
-1
4736278
-1
-1
9807280
2126933
10081445
10939642
-1
6590729
2422336
7591802
4670645
-1
-1
1224338
5786597
863298
-1
-1
10939655
10069873
-1
-1
-1
10808372
9671085
11005306
2225422
-1
-1
-1
-1
-1
2602881
-1
8871885
6147660
-1
10775564
2963929
-1
-1
5720980
1437710
-1
-1
7985702
-1
5362399
-1
6918991
-1
-1
-1
8855493
-1
1815176
-1
1946466
-1
5258169
-1
-1
206905
-1
-1
-1
5097387
6032815
9474095
6722079
-1
4276842
-1
-1
2570101
830536
-1
-1
-1
-1
-1
-1
-1
-1
-1
2914743
3735294
10004297
9331447
6246180
-1
-1
7345720
8034983
-1
10391631
-1
8609372
-1
8182688
5392819
-1
-1
11432070
-1
4383731
-1
8428861
305417
8297575
-1
7010125
5573352
-1
1651125
3078883
11563371
3423516
-1
6459553
7230871
9807399
-1
-1
912640
9702171
7345754
-1
-1
4834874
11021822
10890535
-1
-1
1667556
748541
-1
-1
-1
-1
10051
3357896
-1
-1
8707885
-1
1273704
10201289
-1
11776747
11661871
4916951
2652234
9446389
3302388
1306535
-1
-1
8363268
2553775
-1
830622
-1
-1
-1
2159917
-1
1487068
-1
-1
-1
4777625
-1
-1
-1
8789971
11579842
8757151
-1
6698172
8248413
-1
5983697
-1
1667606
7230936
-1
5918058
-1
-1
5474964
-1
3833866
-1
666545
-1
10989066
8855637
11432165
4030805
-1
11333702
-1
-1
9462851
-1
7821753
748613
9774664
-1
-1
-1
-1
-1
-1
-1
11415772
11547061
-1
-1
-1
-1
-1
-1
9413638
8002293
-1
-1
10086493
9741863
4555988
-1
4917032
-1
4309827
-1
8937731
-1
-1
6587616
-1
6131455
9143944
-1
2438983
2734382
-1
-1
2192822
-1
5737600
-1
-1
5425794
9933594
-1
3325189
-1
223512
7034078
1208174
-1
-1
657368
-1
2077962
11793275
10145234
1782567
11038372
10759386
-1
-1
-1
1257421
4933486
-1
43010
748684
-1
-1
3538557
-1
9659862
-1
-1
-1
3538563
289186
-1
1848233
4884269
-1
5704821
6984880
190727
-1
-1
-1
7083351
-1
4145784
-1
-1
4457596
9512185
-1
-1
6541797
4793902
9528601
-1
-1
5557142
8150081
-1
10398390
59461
-1
-1
-1
-1
11739100
11317413
-1
1421582
830787
9151165
6180775
7214669
-1
-1
11268189
-1
-1
6919277
962085
8478324
-1
-1
-1
8084464
4514814
-1
-1
-1
-1
-1
-1
11153329
-1
-1
-1
-1
-1
-1
-1
5048445
10217911
10309292
797999
-1
-1
-1
6197222
-1
-1
-1
3948919
2504752
2603219
3817634
-1
2709133
-1
-1
-1
-1
-1
-1
-1
2931450
-1
-1
-1
8363495
1372410
-1
-1
3916118
5590041
-1
-1
-1
-1
-1
6952160
5425938
-1
-1
-1
-1
-1
11465192
3587913
-1
4359232
-1
11727773
-1
-1
-1
1077038
9689741
5942847
-1
10956464
-1
3932558
8080845
8806627
994992
-1
2225819
11071349
-1
-1
10513378
-1
4720297
830891
1569387
3841709
-1
-1
-1
-1
8035327
-1
-1
3489483
5409571
8708183
-1
6016781
6755277
11268303
7690706
-1
607937
-1
-1
-1
-1
-1
-1
11146360
-1
6820934
1323250
-1
7001458
8536369
-1
4211591
-1
-1
10316486
6410669
11432436
-1
1618660
-1
-1
7460979
2324337
-1
11514499
-1
11104226
-1
10135979
-1
-1
6197342
1930483
7132771
-1
-1
-1
-1
-1
-1
-1
-1
-1
5360393
-1
10021119
-1
-1
-1
5819907
-1
-1
-1
-1
11366830
2964399
339484
9036471
-1
-1
59657
-1
-1
-1
-1
-1
3719316
6082501
5466705
-1
-1
-1
-1
7329743
4366894
-1
-1
-1
-1
-1
-1
8954440
11796443
-1
-1
-1
4621941
-1
2275170
-1
4835288
-1
2315001
-1
-1
-1
2160301
5130693
-1
4375789
-1
-1
-1
-1
8905230
-1
-1
6181007
9725784
7182080
8101097
3620895
-1
-1
-1
-1
-1
-1
5179947
-1
-1
683336
-1
10562760
4917377
8035468
-1
-1
-1
6049741
-1
-1
-1
8897375
2800368
-1
1405435
1536724
5296471
-1
1422766
-1
6008326
-1
-1
-1
8790395
-1
-1
8068314
-1
716188
-1
-1
-1
11334109
-1
-1
1576260
-1
-1
5179990
-1
699789
3292728
-1
9709431
108997
-1
-1
-1
10891028
10694097
-1
-1
-1
-1
-1
5787214
-1
-1
-1
-1
-1
-1
-1
-1
-1
11481841
-1
5180019
-1
11531078
-1
-1
2751196
1503961
-1
-1
-1
-1
-1
404430
-1
9857168
9118674
10021280
3046606
3834335
-1
11563918
-1
10464383
-1
1635267
-1
11563924
7411942
6492927
-1
9496142
863957
-1
-1
2619937
-1
-1
-1
-1
2423010
11629582
11005965
-1
-1
11596764
-1
11842931
699863
1641840
7616899
8724845
-1
-1
10169016
-1
-1
10070553
-1
-1
-1
9414117
5918575
-1
-1
6575018
-1
-1
-1
-1
10792650
3228246
65977
11359496
8675635
109094
-1
-1
3013844
-1
3342066
-1
6821200
7822272
10177605
-1
-1
3571827
-1
-1
-1
-1
-1
8692065
7034555
11202950
-1
-1
-1
5770913
-1
4868310
-1
10037777
-1
-1
-1
-1
-1
-1
-1
568638
-1
8380276
-1
1504069
6493014
-1
6211210
-1
-1
11859416
-1
-1
-1
-1
-1
11720572
-1
7608975
-1
-1
5130917
6837662
-1
4211904
-1
-1
5738130
552255
-1
8331071
3621115
-1
-1
5311451
-1
-1
5754551
503032
7970038
-1
9537352
831256
11416352
-1
8774183
814849
-1
3884762
-1
-1
10809153
4211932
-1
-1
-1
-1
-1
-1
-1
-1
8741377
-1
-1
5951510
-1
-1
-1
-1
8971139
-1
-1
-1
-1
-1
-1
3677162
3539106
9414245
-1
-1
-1
-1
8790632
6755669
-1
-1
6985426
-1
-1
-1
-1
7920858
-1
-1
6772091
-1
-1
10842022
2488824
-1
-1
-1
-1
-1
158468
-1
3818123
8306160
-1
8084986
-1
-1
11810286
6132081
-1
8905542
7494197
4043287
1428264
-1
9217356
-1
8839905
2406794
4474581
-1
-1
-1
-1
8814087
7879347
-1
749292
-1
-1
1126748
-1
-1
-1
-1
-1
3293006
7198825
5738247
-1
9315847
7592693
11088237
-1
4491017
11268761
9102510
-1
-1
503149
5541327
-1
-1
10546685
3496513
6821390
2784285
-1
9660496
-1
3342263
-1
-1
-1
-1
-1
-1
-1
-1
5590579
-1
-1
-1
-1
10218486
-1
8101469
-1
-1
-1
2161223
722351
6598920
-1
1635543
6361912
-1
4704403
9020497
519600
-1
-1
7576333
618070
1963773
-1
7271921
-1
-1
-1
1044763
11711914
-1
4671597
-1
-1
-1
7920979
-1
-1
10316988
-1
919300
2685876
-1
-1
-1
-1
5085463
-1
-1
4409039
2948461
7822529
-1
-1
9873907
-1
-1
-1
-1
-1
3046937
7379442
7173393
-1
-1
-1
8331285
7838956
-1
6831743
-1
5574242
-1
-1
902851
257082
4146490
-1
-1
10817506
339142
10776539
5492198
-1
-1
6279929
5508613
-1
10382682
-1
-1
-1
-1
-1
11252471
6099418
-1
-1
8035919
-1
1116220
-1
2095520
8265678
-1
-1
10136535
9759083
-1
10136538
667392
-1
5951736
-1
6394835
10530408
140020
9594983
-1
-1
-1
-1
187908
10415539
9381647
-1
11744833
6476903
-1
-1
255405
-1
270292
2406981
285141
-1
9545769
-1
-1
6427682
336679
7724153
-1
7756977
3424474
1947485
-1
5114810
403028
-1
-1
-1
436064
-1
6624629
7953921
11859740
-1
-1
-1
502700
-1
516222
1822002
3818358
-1
7789822
9135525
567491
-1
-1
-1
6296427
9874026
615531
6920048
7773421
7445202
-1
-1
11695654
-1
681185
-1
2472676
1307496
5328192
9053490
3496307
-1
744780
-1
7116997
-1
1619314
-1
794833
-1
814202
-1
2029595
6362100
1980364
9972522
863171
-1
-1
-1
7303981
7002137
909960
-1
10349984
-1
-1
-1
960242
-1
979152
-1
-1
3496274
5032830
5689271
1356768
-1
1042957
-1
568972
-1
1077204
10727456
1089545
-1
-1
-1
1122283
9016529
-1
4786682
1157892
9787970
10858755
2636845
9742809
-1
1207187
503419
1225297
1537314
1238430
-1
1253253
-1
10366437
-1
-1
-1
1307041
-1
1322466
2029656
-1
5433202
1685089
-1
10169517
-1
11591640
1406046
-1
7921215
5279045
5410334
1436529
2292246
1454541
-1
1468248
-1
-1
-1
1501082
-1
-1
-1
1536854
-1
1551700
-1
5656516
-1
2724698
-1
1599508
-1
1618592
-1
-1
2292270
10038263
3982605
4048250
-1
10825995
-1
1209151
-1
1717816
2768199
1730608
-1
1747793
-1
6838132
-1
1799957
2718974
8174452
-1
-1
11301931
-1
-1
1241991
7149952
1865271
8987986
-1
5147814
-1
-1
2407180
-1
7522853
-1
1944761
-1
8380790
10743975
1978906
2161024
1994491
3605194
-1
4907840
6870986
4212405
2042070
2390786
11580947
10760398
2074345
11288871
-1
-1
2109069
5558117
6050448
257366
8594155
10661942
2160893
93260
2472856
-1
2189418
-1
5377607
-1
979461
5607364
2240683
3539580
4294487
-1
-1
-1
979469
-1
2046186
-1
2319816
27636
2340514
10842487
2353680
5000173
470738
-1
-1
-1
2404162
-1
-1
-1
2439067
-1
2454133
7215670
2470682
-1
10038365
5410464
2500889
-1
2517040
-1
-1
6748735
2550312
10711225
2569277
-1
1570053
-1
2601759
-1
2618690
-1
2636735
-1
2652886
-1
-1
10005566
-1
3818621
-1
8462936
-1
-1
2732036
2440103
9972753
-1
2766972
-1
2779438
-1
2797372
11269229
11761560
-1
6608508
-1
2847943
1635978
-1
-1
2883217
2620642
9660962
-1
2914486
5673092
-1
4819722
-1
-1
2962914
7543952
2981017
-1
-1
-1
3009698
-1
-1
-1
3043747
2292442
-1
-1
-1
-1
5886456
3933548
3112647
-1
5623884
9119428
3145707
-1
3160027
-1
3176083
8906091
3189707
-1
8611684
-1
487253
10415909
3243315
9037387
3256046
-1
3276325
684192
3293308
-1
9086627
-1
10186166
618554
7379887
9775894
6417857
3758626
963190
-1
175464
4704901
3736653
-1
9020997
2850462
3162272
-1
11761638
-1
2752001
2505837
3489333
10694928
3505525
-1
-1
-1
3538317
5876139
3555023
-1
6083446
11482666
8528687
-1
3605373
7855839
3619986
-1
3621804
-1
552949
-1
-1
-1
3684040
5640364
5935763
1307276
3715538
6789138
4114146
-1
9300024
-1
3764838
5485659
3784075
7478408
3797098
-1
3816447
6739917
3831121
-1
10235463
-1
-1
1964322
1800213
7353447
-1
-1
5377815
2784600
1045313
11728875
3946942
10842683
3963849
6838401
3981387
3900834
8627203
-1
1603297
9841620
-1
-1
4045212
-1
208368
-1
5443479
-1
-1
-1
4109754
-1
4129558
5203052
-1
2161288
4158356
8512347
-1
-1
4193712
-1
4207287
1291513
4223809
5279388
2571574
-1
4257928
-1
5082461
-1
4291009
3753173
4309567
3654709
7035376
2538763
10809908
5944339
1422818
-1
-1
-1
4391931
-1
-1
-1
10530931
-1
4440386
-1
-1
-1
-1
-1
-1
5738928
4503528
-1
4524379
-1
7183101
11072509
-1
-1
4569442
-1
4589849
-1
4605460
-1
1849536
11745370
2637266
3277296
4653811
5985113
4668677
-1
-1
-1
4704661
5624077
4718189
-1
10268393
-1
4752653
-1
-1
7194464
4781897
4623016
9021165
-1
4819442
-1
1307999
6017957
4848103
-1
4864043
-1
7626240
-1
6198485
-1
8036519
-1
9070414
-1
4946257
-1
4963941
-1
4979717
-1
-1
10153549
-1
-1
2899890
-1
-1
9086840
5065042
7675496
7462154
-1
5098946
-1
-1
9841754
-1
-1
5144394
6805723
5159247
6756492
-1
-1
-1
6100056
520317
9037627
5263098
-1
-1
-1
5262840
-1
-1
11089010
5294197
10153585
5309897
224932
9710491
-1
5344488
1308062
-1
3999468
8528905
1915273
5390119
-1
5407034
-1
9891024
-1
5443083
-1
-1
1669118
1587064
-1
5490034
7954535
5503981
-1
5755464
3425103
1866059
-1
5555391
-1
5377987
-1
5590564
-1
-1
5213912
5618882
-1
-1
11417274
10022340
-1
5669657
1980953
5686248
-1
6696626
-1
-1
-1
5736541
-1
5754559
9710544
5771239
6838621
5784941
-1
5799500
-1
5820735
6772983
-1
208585
5849524
-1
5867265
-1
10826507
-1
5898371
-1
10892155
7626367
-1
3293219
5947890
11400901
6494013
-1
-1
832221
4606752
-1
6013350
-1
6032892
10957814
3540043
-1
11565024
-1
6083454
6592494
6098335
-1
6494031
5296029
6129459
-1
6148638
-1
-1
-1
372736
9480842
6193348
6937139
6214998
8069500
-1
-1
-1
2374887
6262971
8512603
6276110
6247887
5837613
-1
7626414
6428412
-1
-1
11450181
897909
-1
-1
6378866
-1
3096452
-1
6409949
3523677
4803736
-1
6442067
-1
3916926
-1
11138388
9339346
11352622
9300359
-1
4295006
6523737
7353039
6539841
-1
6554993
5066329
6572152
-1
10186564
-1
2046710
11590617
6620263
5427379
5493024
-1
6653327
-1
4540670
10547617
6687502
7872626
2473408
-1
6721009
-1
6737851
3835526
1406699
5164819
6773008
8118801
4377094
-1
10875852
-1
6819485
8364972
9251167
-1
7199794
5788187
6869316
3934008
6883476
-1
-1
-1
8184462
-1
6934171
9792743
-1
-1
5542297
-1
6981239
-1
-1
-1
8354381
-1
7938311
5279730
9677879
-1
5361788
7823439
7084127
-1
7101348
5755657
-1
-1
-1
-1
5262987
6313637
-1
-1
11778503
-1
7196461
-1
7068514
-1
7227960
3982491
7247855
10892318
7261511
5197703
1702161
118776
7294163
5870558
7314682
9470564
7325801
-1
7346739
7823473
5378235
-1
7376802
586226
8069767
-1
7407817
-1
10498475
-1
7444510
-1
7460737
-1
454949
-1
-1
11581610
7507969
5214144
1784246
6133162
-1
-1
-1
1012934
7544513
-1
4984399
-1
7610151
-1
7429606
8479947
7641327
5542380
7657082
-1
7675777
6444687
7478883
-1
11630868
-1
5115703
6526756
-1
-1
7754597
1160657
1570933
6042614
7787287
3622311
7805437
-1
11794992
11302663
10547758
4590566
7852102
-1
-1
-1
1095028
4918792
7903556
-1
7919143
8348695
7937177
-1
7952180
8266644
7659438
2801783
7675775
-1
4295187
9956983
3179241
-1
2210994
9037971
-1
2949492
7905615
-1
5805009
-1
-1
-1
3835693
-1
8131208
-1
8149059
-1
8166653
3113616
-1
-1
8199481
-1
8213922
-1
323753
-1
8246612
-1
11056551
-1
8281615
7643066
-1
-1
8709784
10096839
-1
8283101
8347650
8841077
-1
-1
4262411
-1
5132196
-1
8410152
4246005
8428829
10859640
9087253
-1
8459145
-1
-1
2096172
2293105
-1
8509221
4295250
-1
-1
8540391
-1
-1
-1
8573726
-1
8593062
10695550
-1
-1
8151848
4475785
8642385
-1
8657782
-1
-1
-1
8692515
-1
-1
-1
-1
10531456
8739480
-1
7626712
-1
8775045
3737308
8789509
5132245
8802984
-1
8821702
-1
-1
-1
-1
8611385
8871502
4557870
11352025
-1
8903583
-1
-1
-1
8938476
10186851
8952688
6682688
8971514
-1
-1
-1
9000029
-1
7479045
-1
5164388
-1
9054218
-1
8414478
-1
9005276
5148692
9098425
11860793
-1
-1
6527221
-1
9149572
-1
-1
11352060
4410208
-1
9200539
6986738
4540816
7019562
9232730
-1
9246872
6510825
-1
7659203
-1
274649
-1
6822034
1603943
-1
11466956
-1
9348828
-1
2998884
-1
9379075
-1
-1
-1
-1
-1
9431321
9842280
9443407
-1
5083093
-1
5132328
-1
-1
3294299
8857629
2120624
9529476
4804115
9760238
-1
9560136
2408113
-1
-1
9594421
10679261
9609763
8594816
9626037
1686037
9644165
10947630
9661699
783436
2785579
340341
9689265
-1
-1
-1
-1
9349986
9742766
6576529
-1
-1
2375316
3163045
9791756
-1
2194799
7445742
9823972
-1
-1
192662
2145572
-1
10531595
-1
619353
10580831
8939732
-1
-1
8201240
-1
-1
4638760
-1
9972455
8857686
9987177
-1
11417805
-1
7051757
-1
-1
-1
9563368
-1
10068605
-1
10084096
8972303
10102283
-1
6888383
-1
-1
-1
10152579
-1
10166571
816320
9366302
4164166
5673979
-1
10217708
7200205
10235127
-1
-1
996851
7413553
5083192
1948692
-1
-1
11801130
10316217
1554833
-1
11040393
10104907
5861903
-1
3327227
3721092
10072150
10397638
-1
-1
-1
406076
-1
10445475
-1
6477502
11647616
10479063
-1
-1
-1
10514377
-1
11532746
6593036
10545940
9661895
406092
7019726
10580520
-1
10596249
2898691
10613644
-1
-1
-1
11352239
-1
3130330
9875252
9071114
7511296
4197049
-1
10707490
7101799
10724057
-1
-1
-1
-1
-1
10776462
2408261
10790017
-1
10805722
-1
10826409
10892754
-1
-1
10854526
-1
-1
-1
10891673
2244165
10904579
-1
-1
9990161
10938294
4229902
7347113
-1
-1
-1
10987312
10580965
4115032
5985887
-1
-1
-1
-1
-1
-1
11068231
-1
-1
5985897
-1
-1
11292166
1226711
10810736
-1
11152887
-1
11168259
-1
4886371
-1
-1
-1
2375492
-1
11233448
4049417
9694802
-1
9908147
-1
9776861
11303085
5313071
-1
9990208
-1
11334281
4673047
11350973
-1
914931
-1
11384815
-1
-1
-1
3081189
-1
-1
-1
11448423
-1
11463665
5444380
11482255
406205
11499563
7445866
-1
7512172
11529040
-1
7100816
5805432
4574608
6560340
11581593
3803294
-1
-1
-1
6412647
11626669
1554993
11646535
3491493
8562493
-1
11677269
-1
-1
-1
7659894
-1
-1
-1
-1
9990261
11757276
-1
4654953
1292435
11794290
11614956
11811069
5165435
11826793
11844714
11843585
5050562
11858553
-1
-1
2342751
-1
-1
-1
-1
-1
3885391
-1
-1
-1
11614976
6985859
2490462
8693218
-1
4656717
2474055
7955330
-1
4607488
-1
-1
10925726
6937854
1850445
-1
3883409
1158518
2211491
6199365
-1
2277138
-1
-1
11844754
-1
-1
-1
-1
2802298
1128377
2753067
-1
2110572
6511189
10695995
10023145
-1
10515477
6035275
-1
-1
8775915
-1
1027171
-1
-1
3786976
-1
1883302
701711
-1
636069
-1
-1
3212599
-1
-1
291444
6527625
-1
9612895
-1
4870118
-1
10499093
-1
9924710
-1
-1
7085610
-1
6412761
-1
-1
-1
10975023
11007846
-1
2209650
-1
10351410
537633
5264002
1965392
455581
-1
-1
2654658
7052807
-1
11106326
7660017
-1
-1
225837
9022134
-1
-1
-1
-1
9809867
-1
-1
-1
-1
-1
-1
-1
-1
-1
-1
-1
8546232
8382123
6265105
-1
5559434
-1
-1
4115269
-1
-1
3770641
-1
-1
-1
1062830
5690733
-1
-1
-1
-1
1292590
-1
-1
-1
-1
-1
-1
5231237
-1
-1
-1
-1
-1
5280476
1981866
-1
-1
6806703
-1
-1
-1
-1
11615131
2753192
-1
2293686
7625886
2900895
-1
9055022
-1
5229291
11565480
4903043
-1
-1
-1
-1
1423916
-1
7709331
-1
-1
-1
111042
-1
-1
-1
5919163
-1
-1
3327605
-1
11713628
-1
10975135
-1
5050766
-1
-1
-1
-1
-1
-1
-1
-1
5543105
-1
-1
10745395
-1
-1
10580540
-1
-1
4476399
-1
340829
5362596
-1
-1
-1
-1
5854931
6263991
6281619
-1
-1
10811058
10696182
-1
1259859
1601515
-1
4492829
-1
-1
783946
1650754
-1
-1
2539927
6544212
-1
-1
7775040
-1
10991598
-1
-1
8940226
-1
-1
-1
-1
-1
-1
-1
-1
10908793
8628427
3770772
-1
-1
-1
6872455
-1
-1
-1
-1
11648061
11040855
1489654
-1
-1
-1
10071861
-1
-1
4680966
-1
-1
6051922
-1
-1
4082605
-1
505009
-1
7775084
-1
275259
4246722
5822179
7348403
-1
-1
-1
8677698
-1
-1
4706239
8283838
-1
-1
-1
-1
-1
-1
4525726
8825409
-1
29115
-1
9464218
7594589
9038758
3229265
-1
1063015
-1
-1
7840761
-1
10663455
-1
1686640
10729102
3212865
-1
-1
2966703
3524678
2572841
4164709
-1
11664538
-1
8316696
-1
-1
7545382
-1
9170073
-1
-1
1752304
-1
11155809
-1
1358444
-1
8973150
1013816
-1
-1
-1
5100159
2047714
11205053
-1
-1
-1
-1
5918528
-1
2490819
6888968
-1
45583
554325
-1
11566108
-1
685617
-1
9941423
3636830
3161516
-1
-1
8940357
-1
-1
2605714
4164760
3407959
-1
-1
10318889
-1
-1
9875795
3718889
2458025
-1
10581472
-1
-1
8185469
-1
1342084
1190970
-1
-1
7955721
5740237
-1
-1
-1
6692079
-1
-1
-1
3557582
-1
8973214
-1
-1
5174224
3688876
10253277
-1
45637
6839792
-1
-1
8087031
-1
-1
-1
1604690
-1
-1
-1
9022466
11500528
-1
1653930
-1
-1
7463427
-1
-1
1719580
11205139
3951478
-1
5674635
-1
10318950
-1
9711745
8677853
1112383
-1
-1
8300404
5280781
144139
8283996
3196587
1555488
5641828
-1
521598
-1
3869444
3949343
-1
-1
-1
3163776
-1
7577001
9711768
62101
-1
3360714
9317908
-1
11188764
-1
-1
5149519
-1
6134181
-1
7463474
9826659
-1
-1
-1
11106721
5001830
-1
-1
-1
4621609
4394628
-1
9055354
8398915
6183431
-1
9892319
10680048
1883753
8150824
6921932
11286380
-1
-1
-1
-1
-1
-1
5770640
11188801
5067499
5740351
8807411
-1
2490976
-1
6839893
1194510
8267652
-1
-1
-1
10532374
-1
3672578
6708614
5510612
-1
-1
-1
-1
7135306
-1
5444975
-1
2376120
-1
6593749
-1
-1
-1
1014013
-1
6624783
2326896
-1
-1
-1
10844209
-1
9629797
-1
-1
-1
8366154
3541321
-1
-1
-1
11812469
8366160
-1
10089317
2934122
9400057
-1
8431810
1981731
4329062
6788309
11581488
-1
-1
-1
-1
-1
-1
9252371
9153906
-1
1325861
5576311
-1
7660510
10483203
-1
1489977
-1
-1
-1
4640893
3623412
8021561
-1
-1
4082924
9695487
1801797
-1
2737226
-1
616237
-1
-1
-1
-1
-1
10072951
5625571
-1
-1
-1
-1
-1
1293073
2884941
7512844
-1
-1
2409026
-1
-1
-1
5449927
1522837
-1
-1
11353029
-1
-1
-1
9876043
-1
11500734
-1
406900
-1
-1
5018394
9465776
357672
3689106
1371286
-1
-1
-1
-1
-1
-1
-1
5543558
9137568
-1
10122230
-1
-1
-1
-1
-1
10253524
-1
9318099
-1
-1
9170403
-1
-1
-1
-1
-1
-1
-1
4591742
-1
1129023
3639907
78721
-1
-1
-1
-1
4066599
7594965
5215371
9482232
-1
10187907
-1
4148661
-1
-1
4378418
1243918
-1
-1
6052344
1966006
-1
1408034
1851132
4969223
-1
-1
-1
1293163
-1
-1
78752
9603842
2704514
10729494
6380580
8382723
3377369
11878268
-1
-1
-1
-1
-1
8314753
7529499
-1
-1
8760188
8825833
-1
1883982
-1
1112667
571105
11221845
-1
-1
7168331
-1
10729520
-1
2294268
-1
-1
9252535
-1
-1
-1
-1
768053
2376332
-1
4641052
-1
3311763
636771
-1
-1
-1
5560075
-1
-1
-1
-1
5166216
-1
-1
-1
-1
-1
-1
-1
4099509
-1
6823737
-1
11008544
-1
341396
-1
-1
7480184
-1
7644296
-1
-1
9233930
4564706
439872
-1
1026426
-1
-1
-1
-1
-1
-1
-1
-1
-1
-1
-1
6298613
-1
3719828
-1
-1
-1
1371123
8471227
-1
-1
-1
-1
-1
-1
-1
6134518
-1
-1
-1
-1
-1
10860892
-1
9744946
2868738
-1
-1
5346802
3508771
10220871
-1
-1
-1
6426916
2212308
-1
-1
5740676
718911
-1
-1
5281172
-1
-1
-1
10401408
-1
-1
-1
-1
11730704
8678259
1093474
-1
-1
-1
5954038
6036094
-1
9465995
-1
7348978
11238386
-1
11533786
2405209
10122442
-1
5445309
3361113
4854515
-1
5855588
-1
-1
-1
6265867
1375390
-1
-1
5789952
6036118
-1
9570927
6544862
6298698
5231984
-1
3722174
-1
6479224
-1
2589819
-1
3098828
-1
-1
-1
-1
3915355
-1
-1
-1
9104997
-1
-1
3804247
-1
-1
-1
6265901
-1
-1
9072185
5573255
6561304
-1
-1
-1
-1
2819601
-1
9234420
8727564
-1
-1
4181720
3262705
-1
8382939
9055791
-1
3459642
7726503
-1
4870991
-1
-1
-1
9252732
4477132
-1
-1
8908105
8858873
6265936
-1
6495692
-1
6659804
9974827
-1
-1
4165336
9909187
11747220
-1
-1
-1
-1
11780047
7080453
9072234
2097560
-1
2130384
-1
-1
-1
-1
9039420
-1
-1
11008743
62607
-1
9974853
1572422
11747243
4641281
-1
-1
-1
-1
9761518
6676251
5199262
-1
7102940
10204620
-1
665093
1621670
-1
2524277
-1
-1
5872124
10614904
-1
10598495
-1
2885327
-1
-1
8481481
456503
8120441
4440526
-1
10598505
-1
4739780
5478276
7792228
-1
8087628
-1
-1
-1
5080699
-1
-1
4539001
-1
-1
-1
-1
-1
2655600
8908192
4674155
-1
-1
-1
1703768
883219
5396245
-1
9203599
-1
-1
-1
6764053
-1
5609596
5855762
-1
4674172
10467256
6397329
-1
-1
3623873
-1
-1
-1
-1
4198263
3886455
-1
-1
-1
-1
7431236
-1
-1
-1
10992427
-1
1621748
2622820
9252865
702735
686325
2901811
-1
2491538
6741988
10385231
11632468
686332
6052730
3242156
-1
-1
4871142
-1
11271434
8038468
11698122
11468369
-1
-1
6298907
-1
-1
11337087
-1
-1
6032689
5626063
5855818
7034001
-1
8612869
-1
9597531
3919326
3656751
3801292
-1
-1
-1
-1
2360288
-1
-1
-1
-1
-1
2688514
3361366
11255058
8399545
7496941
-1
-1
-1
11255064
-1
-1
-1
-1
1096660
2327486
10171945
-1
3295738
-1
11337130
-1
5937913
254566
4887611
5429175
10746340
9045547
4493751
4460930
5166604
-1
-1
-1
6216912
-1
-1
2754194
7447741
7513386
4953271
6922592
11829482
-1
4247602
-1
-1
-1
10368909
6298982
5297912
95626
-1
-1
-1
-1
5215863
11648976
-1
-1
-1
10221223
-1
-1
-1
-1
-1
-1
10113584
-1
3016803
1835212
-1
7300077
4851746
-1
6709284
3506168
4887665
-1
4362515
-1
-1
10894096
-1
-1
-1
-1
-1
-1
-1
-1
-1
9499171
2672196
-1
-1
-1
-1
-1
-1
-1
3246589
-1
391077
-1
-1
-1
8629403
4461010
-1
10582315
4116382
2754270
4543070
11140293
-1
4280497
-1
-1
-1
-1
-1
-1
-1
6824210
-1
-1
5675443
2967629
-1
2344013
9646909
-1
-1
-1
3148157
-1
-1
-1
-1
6971925
-1
604459
8629439
2027264
-1
-1
2360441
4346173
-1
-1
-1
-1
10270549
-1
-1
-1
-1
-1
-1
6364738
-1
-1
7168880
-1
-1
-1
-1
-1
3115369
-1
6709380
7940206
-1
5872422
-1
-1
9745421
-1
-1
6069360
4214918
-1
-1
8711535
-1
-1
-1
-1
3837473
11304479
-1
6840689
6857101
9597739
3377971
8990534
588103
9269523
-1
-1
8465387
4735681
-1
3049760
-1
1622005
-1
1359431
1162500
2439235
1556366
-1
-1
-1
7825372
867109
7923840
-1
6266331
932757
7595624
-1
6709432
-1
-1
-1
4986281
-1
2524633
-1
-1
7989499
11402988
-1
-1
-1
-1
-1
5790432
4641663
-1
6249943
-1
-1
11370178
-1
-1
-1
6709458
719444
571746
-1
-1
2738001
6512532
11409048
-1
-1
161479
10894274
1797337
-1
-1
-1
1228200
-1
-1
10303486
-1
-1
1064096
2738019
5035560
-1
-1
10467604
6791541
-1
-1
2442629
-1
-1
3996925
3427293
-1
-1
11780495
-1
-1
-1
-1
-1
-1
-1
-1
2934975
-1
-1
-1
-1
-1
6167948
982073
-1
-1
-1
11383651
-1
9023469
3082688
-1
-1
-1
-1
9171174
-1
-1
-1
4543276
-1
46664
-1
-1
-1
46668
-1
-1
5692055
-1
1605718
-1
-1
1080569
-1
-1
-1
-1
9581472
309258
4850448
-1
-1
-1
-1
-1
6754582
-1
8695288
10205101
10155869
10858327
-1
-1
-1
-1
10861548
6233647
6212875
10480774
9860481
3066328
10516923
2639644
11583640
-1
-1
-1
-1
1458058
-1
-1
-1
-1
-1
7248039
-1
11813407
-1
8843018
1769878
-1
6808057
-1
854782
9187655
-1
-1
10697470
-1
-1
4362827
178023
10500543
6561904
-1
-1
-1
-1
3214065
-1
7185529
6308878
-1
11813434
-1
-1
9659976
-1
-1
5216218
2256807
8285077
-1
11649334
5708553
-1
10352868
-1
-1
1655041
304894
506273
-1
-1
-1
998607
8810244
-1
-1
9893373
-1
-1
-1
-1
-1
7530195
4641860
-1
1983280
11862703
2180214
6102444
11859550
-1
5019321
7694315
-1
-1
6053218
-1
768878
-1
-1
-1
-1
8793862
-1
-1
9446529
-1
7169178
-1
3361828
5950129
5084985
5823481
63221
9926233
-1
-1
-1
-1
6036831
7431767
-1
243751
-1
10336518
10467807
-1
11304770
-1
6775336
-1
4559853
10024717
9712909
6873807
3788540
-1
-1
-1
-1
5746099
-1
-1
4264467
-1
222785
-1
-1
6168148
7366152
-1
6348672
-1
-1
-1
5162164
-1
8383642
-1
-1
3706510
-1
-1
7546687
1704372
4587629
6660496
-1
-1
10090398
5068633
-1
7464641
8646234
-1
-1
-1
5560970
243807
-1
-1
-1
5117878
-1
8711889
-1
-1
9037082
6939505
9122169
7760057
305604
-1
-1
-1
703332
-1
5610223
-1
-1
-1
2360849
6332312
3575265
5167133
-1
7366209
9269886
-1
2131103
8055475
-1
6086157
7628792
-1
-1
-1
-1
1031575
-1
-1
-1
-1
11698730
-1
-1
-1
-1
-1
-1
5948678
-1
1392631
4707654
-1
8318076
-1
8761175
-1
9581727
-1
6512872
4133278
-1
10632036
-1
-1
5938493
5511808
9302750
1507526
-1
9056588
6557341
6151843
-1
4390558
-1
5971326
10615640
-1
-1
1130085
1015209
-1
-1
2836833
3952782
-1
1392668
10320253
7612439
555710
-1
-1
-1
9483298
-1
5309776
-1
-1
-1
11124404
9594086
-1
10418734
-1
752657
-1
-1
-1
-1
-1
11272114
4281029
-1
-1
-1
2262480
7267836
1802974
-1
3788707
5577507
-1
10845440
-1
4182576
4789784
3214329
1523997
-1
10763392
1080903
-1
-1
11797289
4789793
6381661
342414
3542560
-1
-1
2278916
6463722
-1
-1
-1
4477995
-1
-1
1917882
-1
-1
4543645
-1
-1
4822635
9040263
-1
10632132
-1
8006374
569739
-1
-1
-1
-1
-1
9959290
-1
8351014
-1
145516
11583984
-1
10287517
605028
9171571
4084162
-1
8627019
-1
1015309
-1
-1
9790983
10385994
-1
-1
-1
7399196
-1
-1
-1
7628954
6627884
-1
-1
309652
-1
-1
-1
3651756
-1
7464854
10336780
10697823
-1
-1
2656436
7808150
4773457
-1
-1
-1
-1
-1
3263651
7295870
-1
4560123
-1
-1
-1
10205511
-1
4757061
-1
10944010
1376398
-1
-1
-1
11485578
-1
-1
-1
1409228
11403528
-1
-1
2541591
2896626
-1
-1
-1
-1
9910136
11042496
11284684
-1
-1
-1
4412457
10829159
-1
260477
-1
-1
-1
-1
-1
1763971
-1
-1
1360023
-1
-1
1294382
10243380
-1
-1
-1
-1
-1
-1
-1
-1
-1
1031817
5019691
-1
7054657
7328635
-1
-1
293329
-1
5462796
9713246
-1
-1
-1
9893771
-1
11748216
10665091
9089636
-1
-1
-1
2968337
1819568
9746082
1376473
2295490
9155289
4100702
-1
7579836
10205597
-1
-1
-1
3362214
-1
6070031
-1
4494577
10648703
-1
-1
-1
916984
2525263
1458549
-1
-1
-1
8531694
-1
-1
-1
441075
4346894
6299804
-1
3306906
-1
-1
-1
-1
-1
10287685
-1
-1
6972666
3198137
1918080
10550267
8416838
2738633
-1
-1
-1
6316235
2492473
-1
5167468
-1
-1
-1
-1
-1
-1
-1
10862093
3635176
-1
6786854
-1
-1
-1
-1
-1
6632247
-1
-1
326243
-1
555999
6775769
-1
-1
8953619
-1
-1
-1
-1
-1
-1
-1
-1
-1
10747244
-1
6923483
-1
-1
2738681
9680535
11584212
-1
-1
5265980
2902797
-1
7180776
11781151
4790066
1419108
457564
4625959
8170736
-1
-1
-1
1836094
-1
10237303
9631322
-1
6611700
9019240
9713381
-1
-1
-1
1261720
-1
4494689
178597
-1
11059092
-1
3280280
11764768
14493
-1
-1
-1
-1
11879651
-1
588885
8072302
5364488
-1
-1
-1
8515404
-1
-1
2804379
-1
10616017
-1
2459752
2755151
-1
8280528
145805
-1
6513275
1261756
-1
-1
7985051
7054843
2443353
10008825
-1
6693805
-1
-1
-1
-1
6721086
1524346
1540758
2321863
-1
-1
3657781
-1
-1
8728783
-1
5577873
-1
-1
-1
8400569
10255013
-1
-1
-1
-1
-1
8843673
-1
4100896
5785406
-1
7875429
9270365
-1
-1
4888631
375607
-1
-1
9959634
-1
8548290
-1
9906769
-1
-1
-1
-1
-1
-1
10205810
-1
-1
-1
5315336
-1
-1
-1
7038495
2673170
-1
-1
4708137
-1
-1
-1
-1
4412744
8006754
-1
-1
-1
1304068
10550464
9155530
-1
-1
1672117
-1
-1
-1
3657852
4330704
-1
10949038
211546
-1
10468423
-1
10813056
-1
2968600
-1
-1
11469501
10402787
-1
-1
6037464
-1
6300042
9549421
-1
7859090
5249742
7251885
9795591
-1
-1
-1
-1
-1
9533021
-1
-1
9303270
3231201
7432418
-1
8810944
-1
7333956
2689644
-1
5971846
11448485
2722470
6349302
-1
-1
-1
7580131
-1
-1
-1
523405
9926909
-1
-1
-1
-1
-1
-1
5791344
-1
-1
8121709
-1
-1
-1
-1
-1
-1
-1
-1
-1
5873412
1622964
-1
-1
-1
-1
8088903
-1
-1
2673276
-1
-1
-1
2525581
-1
-1
11371113
-1
-1
-1
-1
11879859
9418210
-1
6546287
-1
8909473
-1
1927726
-1
-1
4544152
3920535
2453001
8417151
7377499
11010091
-1
-1
835274
-1
-1
4790328
-1
1442486
-1
-1
-1
-1
5348309
-1
-1
8039716
-1
1184926
10567013
8493698
5578071
999403
-1
-1
11239870
-1
-1
4823172
7498166
10791132
-1
7055072
-1
-1
-1
2706161
9073630
7974094
-1
4478553
5578091
-1
-1
-1
-1
1024847
-1
8433612
9385451
-1
3001574
-1
-1
-1
9319813
5463229
-1
4659092
-1
4537643
-1
-1
8154640
-1
-1
-1
-1
-1
6086860
-1
2968772
-1
-1
11879948
-1
-1
572772
-1
-1
-1
-1
6989478
10173213
7705714
10288092
6917792
-1
7760801
-1
-1
8236723
5311266
-1
-1
-1
5299159
2771866
-1
5972013
-1
10632739
-1
7662350
-1
11715869
3267179
-1
1065133
3576017
-1
-1
9122938
-1
-1
-1
7924939
3871423
-1
-1
736925
-1
-1
8614208
-1
-1
4363762
-1
-1
195371
1188913
5102262
8564984
1918530
7892135
-1
10370198
7235698
6490950
-1
-1
-1
5463315
3641695
7426599
-1
-1
-1
-1
9024509
-1
-1
-1
-1
-1
-1
-1
-1
-1
5775141
-1
-1
9927127
3297084
8056275
-1
-1
10189708
-1
7744471
3100159
-1
1180074
-1
-1
9073768
-1
1262134
-1
9057361
6047703
4774092
-1
-1
11830825
-1
-1
8417340
-1
-1
-1
9484059
4101252
-1
-1
-1
3461227
-1
7974254
408784
-1
-1
-1
-1
-1
-1
-1
-1
-1
4675654
-1
-1
11436989
-1
-1
-1
-1
-1
-1
2066315
-1
-1
-1
572918
-1
-1
-1
-1
5171142
6727049
11354952
11404186
8187631
-1
11092380
6907576
-1
10091312
6677825
-1
-1
-1
8007120
-1
-1
868338
-1
-1
5942590
-1
6037808
-1
-1
-1
933991
-1
-1
-1
-1
-1
-1
1918658
6021409
-1
-1
244740
2394582
-1
-1
-1
474499
2443820
-1
-1
-1
6759917
7088138
4265447
-1
1623278
1770978
-1
-1
-1
3920823
-1
-1
5742447
-1
-1
-1
8394937
5479876
-1
-1
-1
9369287
-1
7941532
-1
3576208
9992910
5906572
8909786
3618159
10353956
-1
4438906
-1
-1
1172318
5250141
-1
3182357
-1
-1
6891246
7432810
5758889
8417472
-1
-1
10403206
11551977
-1
-1
-1
-1
9960115
-1
-1
6333287
3773172
6874852
-1
-1
228400
-1
-1
-1
9943716
-1
-1
-1
-1
-1
4938367
2591595
-1
8909832
-1
5512757
6891282
-1
8565206
6727175
8975483
-1
10567352
-1
-1
326891
-1
3782250
9763219
-1
7810312
-1
3609098
8877030
-1
-1
6005108
-1
-1
6316920
-1
950525
-1
-1
3953741
7377117
11650502
10764309
-1
-1
770013
6398987
7235949
-1
-1
-1
2640873
9779659
-1
-1
-1
3641949
-1
-1
-1
-1
2460362
5086123
-1
5873853
4150699
-1
-1
-1
-1
9270936
-1
5397942
5217422
-1
-1
-1
-1
-1
9149898
11847473
-1
-1
-1
-1
-1
-1
-1
5447191
11207453
-1
5381550
-1
11634143
11256691
835707
-1
11765435
-1
-1
3395828
9287378
-1
-1
-1
9205327
-1
-1
-1
10255635
10889857
4840007
-1
11535697
-1
-1
-1
-1
-1
-1
4954893
3855357
10928499
11735827
-1
1172162
10676446
4708735
-1
-1
130069
-1
-1
-1
-1
5939568
4856443
-1
9796156
7876070
-1
3592801
-1
4589428
8204295
5299549
-1
4561056
2772258
-1
-1
-1
5004158
5742654
4954927
-1
9697708
31630
8443974
6103702
5562140
97278
-1
9467961
-1
-1
556791
3756937
-1
11781918
-1
-1
-1
5259449
-1
66244
2312778
11371651
9346779
-1
-1
5529339
-1
-1
-1
10111607
2673830
-1
6973514
-1
9451577
2411259
6103735
-1
-1
-1
-1
8401280
-1
-1
11535784
11420908
2083050
-1
-1
-1
5037034
3946215
2214344
-1
-1
-1
4003147
-1
11880429
10764482
-1
-1
-1
-1
-1
5463735
3507430
9271089
8378248
-1
-1
-1
3395956
-1
-1
-1
-1
-1
1951794
-1
-1
8302854
-1
-1
-1
-1
2690297
3412382
6973570
5078812
-1
-1
-1
-1
-1
-1
-1
-1
425591
-1
1781466
1525131
6989995
7015768
2345684
7015766
8750671
-1
-1
-1
-1
10649657
-1
6120223
4356527
1804132
-1
-1
7826972
745222
-1
7892619
-1
-1
-1
-1
-1
-1
-1
-1
11043540
-1
11355351
3313962
5751782
-1
3995375
7154140
-1
-1
-1
-1
11142018
-1
-1
-1
8155220
-1
5398174
1869810
-1
-1
11732824
-1
-1
7892653
-1
-1
2411382
-1
10502007
3281168
1377493
-1
8844500
9829161
-1
11732839
2723201
704649
-1
6277025
9845579
-1
-1
-1
8188072
1672906
-1
277973
10797425
-1
-1
-1
4315084
-1
3330426
-1
-1
5020762
3978906
-1
-1
2378595
-1
9583026
113880
1565894
-1
-1
-1
934435
9353279
-1
-1
-1
-1
540577
-1
8253749
3478149
-1
-1
-1
-1
10502062
-1
8024003
10431585
1935524
3182761
11010809
-1
-1
-1
540595
11700076
5463897
-1
11322626
-1
-1
-1
-1
-1
-1
5184919
8811751
-1
4709003
-1
-1
-1
-1
-1
-1
-1
5234163
1919142
7449650
-1
2132488
-1
7187078
-1
-1
-1
-1
11628228
1525289
-1
-1
7449663
-1
2066857
-1
-1
5710102
-1
-1
55641
10075432
6886134
7843538
1032974
-1
-1
8549215
8926669
-1
-1
-1
1188264
-1
-1
1147862
-1
-1
9074378
-1
1476087
-1
-1
2041833
10272387
3100781
-1
8033304
10502145
7269179
3609527
8171786
-1
7974856
11010892
-1
-1
11273471
-1
5562445
-1
934545
1459698
-1
8434375
-1
-1
-1
-1
-1
918143
11404773
2395135
-1
3461852
10528356
4586125
-1
-1
7400497
4249586
9189298
146838
5538188
8166395
-1
-1
-1
-1
-1
7311001
9074431
10059092
-1
-1
-1
-1
1805964
97621
9391469
3675221
1428440
10535021
-1
-1
9271377
-1
9025214
-1
-1
-1
-1
1147939
6186117
1574627
7843630
-1
10059117
9763720
-1
-1
540741
-1
-1
-1
2214667
10218124
7220024
-1
6112667
-1
6350245
3100868
-1
8976008
1262839
7384143
-1
6235375
-1
-1
-1
3314221
7466205
9484759
5841518
-1
-1
-1
-1
-1
5939990
2126009
-1
-1
-1
-1
-1
-1
2313167
5185093
11568973
-1
-1
-1
10659586
-1
1689557
-1
8450891
-1
-1
1237369
5702248
6547220
4216859
-1
-1
1565663
-1
10453044
5661033
-1
-1
5299994
-1
3937883
1180836
9681735
639275
-1
3330681
-1
-1
-1
2756300
-1
-1
5644639
7195987
-1
-1
-1
-1
-1
-1
8467339
-1
-1
-1
-1
245433
2854783
-1
1361384
-1
-1
-1
-1
-1
1509089
2969669
-1
8910453
-1
4413841
1213697
-1
-1
-1
-1
6957552
5234398
-1
-1
-1
885487
6465228
1558340
6678573
-1
4463090
6104191
7370237
-1
3593311
9780259
7967444
-1
-1
-1
5135951
-1
-1
9001582
360354
-1
-1
3905133
-1
-1
-1
754225
-1
-1
1492723
-1
-1
8680744
10088842
-1
-1
-1
-1
-1
-1
6859131
4758524
-1
2181999
-1
-1
-1
4151323
3921570
-1
11076768
7778158
-1
5464209
-1
2034312
-1
-1
-1
-1
10535215
9123870
-1
-1
5218055
-1
-1
11060374
5874499
-1
-1
10265484
11470654
-1
-1
7796967
2083566
7367909
-1
524524
9986420
7597667
-1
-1
4689046
-1
11011160
-1
-1
-1
-1
3297995
-1
426072
-1
252310
4249838
-1
508132
-1
1959465
-1
6637738
-1
-1
721482
-1
-1
-1
1049706
-1
-1
9874237
-1
-1
-1
1279467
-1
-1
3124911
-1
3609834
-1
-1
-1
9205989
-1
1164601
-1
-1
-1
1574880
-1
-1
-1
-1
-1
6957694
1656942
6055091
-1
3215990
11290203
10453243
-1
3298049
-1
10223493
1312321
908856
11126101
-1
10190676
-1
1427204
-1
-1
-1
7679799
5431493
-1
-1
2854969
5858183
11660666
-1
-1
-1
11323051
5103283
-1
1197467
-1
1821087
-1
6695156
-1
7302365
9452207
196404
-1
-1
-1
5743326
-1
-1
3363734
-1
9895314
11766169
-1
8861424
-1
-1
-1
-1
-1
-1
8122936
3101171
-1
4988438
11749771
10469714
32319
-1
-1
-1
-1
9641576
4151486
-1
5283847
7942430
-1
10305616
-1
-1
-1
7614216
2625273
11293076
3387448
2707331
1460096
2740155
-1
-1
11536454
2313473
-1
-1
1771913
-1
-1
-1
-1
9895363
11815451
-1
7663470
-1
-1
-1
-1
1417625
130827
-1
8828659
9403045
4036649
-1
376998
5923917
-1
2411965
1115497
-1
-1
3478684
869336
-1
7482971
8976373
-1
-1
-1
-1
11241096
-1
5743413
-1
-1
-1
1122126
-1
4738223
-1
-1
-1
-1
-1
7589628
-1
-1
3699270
2280708
-1
-1
-1
8566125
7778398
-1
-1
-1
3239640
-1
-1
3584352
-1
-1
8664602
4315688
-1
-1
3134099
-1
-1
-1
10502642
-1
-1
-1
-1
-1
-1
11241144
9862621
-1
8516921
-1
-1
-1
2149457
3987490
-1
5382427
10962168
-1
-1
2871548
-1
10026746
9731349
-1
-1
-1
-1
-1
-1
4873700
-1
6785233
-1
5891186
-1
-1
-1
-1
-1
-1
-1
-1
8943641
8413034
-1
-1
-1
6754536
-1
6465587
-1
-1
-1
-1
4348573
-1
10767755
-1
-1
-1
3232631
3610085
8697496
8090290
4906557
9435994
11274027
-1
11602249
11536606
-1
-1
5398895
4217304
-1
4036785
-1
8602692
-1
-1
-1
-1
4168080
4273686
-1
11815609
3413178
-1
1870546
5103514
475613
2412112
-1
5349683
-1
-1
3108208
-1
-1
-1
-1
-1
-1
4151690
1663680
1115657
-1
-1
-1
8992941
8188803
5842031
5480990
8697547
9042179
-1
9534511
6871949
7286206
-1
-1
-1
-1
-1
1509540
-1
-1
-1
5628705
10601239
9813512
3774265
-1
-1
8976555
-1
-1
-1
-1
-1
11553088
11660378
295144
-1
-1
1903425
-1
11175642
-1
-1
10420739
6055414
4283027
5448209
8287313
5710787
-1
9140688
8385783
6679040
-1
1017247
6768687
6039015
4742547
803908
-1
-1
-1
11585939
1772162
-1
-1
-1
-1
-1
-1
541344
2812656
6875992
4578453
-1
7745778
-1
-1
10552062
-1
-1
-1
-1
2888130
-1
6432908
9823881
-1
-1
-1
393665
-1
-1
-1
6918599
3446116
11602384
-1
-1
-1
-1
-1
-1
5382622
6843202
-1
-1
-1
3380485
4611311
8353020
-1
1690156
4955946
1197828
-1
-1
-1
-1
-1
426517
81887
4873900
-1
-1
9813614
6990923
-1
-1
-1
-1
-1
-1
-1
-1
7286330
-1
8114635
-1
6861128
11257797
-1
5038030
1903530
8418698
10010566
-1
-1
-1
3052306
-1
4119023
-1
-1
-1
10568550
-1
-1
10256744
-1
-1
-1
-1
3347718
853247
-1
4332381
-1
7384829
10256755
-1
-1
-1
-1
9731608
7647412
5481161
475807
7014789
-1
10059834
-1
8582846
-1
-1
9895729
-1
-1
7269972
-1
11750177
5792985
8442880
-1
-1
10240370
869690
2221590
1378433
9272125
9230792
7073053
8271057
-1
-1
8254649
-1
-1
2822611
-1
3633267
4381659
-1
10511149
6547914
-1
-1
-1
-1
-1
-1
-1
-1
-1
-1
-1
-1
-1
7270012
6843327
-1
10191173
-1
11684576
6121248
-1
-1
-1
-1
-1
-1
4529388
9403456
8008522
3085223
229710
1367961
7450552
-1
1856582
-1
5070961
-1
-1
-1
-1
-1
8902435
1936467
4536043
-1
-1
-1
11060988
3364230
-1
7631092
5842294
-1
-1
4611472
-1
1788782
689246
65629
-1
-1
-1
6334635
-1
-1
-1
3577591
11290762
7204424
-1
-1
-1
-1
