-1
4681401
10896617
-1
5798365
-1
9840940
2085597
5005160
-1
9186074
-1
-1
7760617
-1
11544663
-1
6482704
11072055
-1
-1
-1
3968166
825054
11702209
1664815
-1
-1
-1
-1
-1
2660802
7401114
10609451
679626
9419906
-1
-1
-1
-1
2050125
11865286
7490807
-1
-1
-1
-1
-1
11638850
9635054
2364157
-1
-1
-1
-1
932390
-1
8930222
8555448
-1
-1
3439838
1568068
4303795
2149300
-1
11587846
-1
-1
2392317
-1
8116777
3180005
-1
7799602
11856114
6906717
7939521
7256773
1640142
-1
-1
-1
-1
-1
-1
1258015
-1
-1
5993070
3660787
-1
-1
-1
-1
-1
-1
-1
9166700
8878453
9412344
-1
-1
-1
10601371
11819851
-1
8227010
-1
4290954
5063649
-1
10463304
-1
299145
-1
-1
-1
5786118
-1
-1
3085637
11146062
6920442
5635951
7707864
9847109
7843839
6929383
-1
5729059
11055862
5415302
-1
-1
-1
1694908
815437
7263146
2819496
9198039
-1
-1
-1
-1
-1
-1
-1
-1
-1
-1
-1
-1
6796336
-1
550877
-1
-1
-1
-1
5103938
-1
-1
10978309
10661658
8483230
7732101
7650573
3569341
2726164
1422473
3681643
-1
495665
-1
4607935
2503146
277377
4505894
-1
-1
-1
11511692
4910656
-1
-1
5871924
-1
-1
-1
-1
-1
10959139
3352917
-1
3716648
-1
1525334
4106417
3636962
8641325
-1
-1
-1
-1
-1
4481463
-1
5499275
9957126
832605
-1
-1
-1
-1
-1
-1
-1
6533927
-1
1053535
11624558
-1
-1
-1
4252146
5333077
9754106
256389
-1
8060917
6951583
-1
11583542
-1
-1
-1
-1
3537588
10809276
-1
7859470
-1
-1
-1
-1
7469972
8655839
313744
935477
-1
10206229
-1
-1
10915280
9249965
7068117
3220690
-1
-1
2839608
7455522
-1
