-1
240648
8846563
1472442
-1
5563964
-1
1535982
-1
-1
-1
-1
-1
-1
11263787
7877045
11717310
8015645
-1
584803
-1
3037387
-1
-1
720524
-1
-1
-1
5453165
4379359
11847670
10894515
2527411
-1
-1
-1
10327290
2861077
-1
9445532
6909504
-1
-1
-1
5782908
-1
-1
-1
-1
-1
-1
-1
-1
-1
-1
7127634
3553169
625188
-1
8720594
8536806
-1
8577942
-1
4554672
-1
6192305
2993941
6851237
10534565
4563978
-1
3001151
4231504
-1
1924596
-1
-1
11478298
123743
-1
1044937
5662687
927955
9120304
-1
-1
3454557
-1
-1
-1
-1
-1
5199090
-1
10586467
-1
-1
3840101
-1
-1
-1
-1
-1
3820064
4705625
1207140
2514389
8902213
10878869
-1
7381830
983004
-1
2107249
10544828
-1
2017255
-1
-1
6812382
-1
7551486
6054419
5046113
1556011
6017742
-1
-1
-1
-1
