6562499
11727240
-1
-1
-1
7533967
-1
963272
3730098
-1
688642
-1
-1
-1
-1
-1
2516802
7115880
11534603
10046668
-1
-1
-1
118894
-1
1676516
-1
-1
-1
4463840
-1
-1
6402670
-1
-1
1918367
-1
-1
-1
10780409
-1
-1
-1
5910801
4861458
-1
6710109
-1
-1
-1
5980491
-1
-1
7242986
155816
3976085
8911281
-1
-1
-1
5689472
5586998
-1
-1
-1
-1
8726837
9353985
-1
5714075
-1
-1
-1
-1
-1
-1
-1
-1
-1
-1
-1
-1
6660957
-1
-1
11788809
3197306
11346119
8817037
-1
-1
-1
3746578
-1
-1
-1
7640632
5562440
11710941
8316970
4566386
565760
5058263
-1
9993466
7169256
9185963
6300269
6624092
10546835
459198
2430817
5546057
5214041
9563081
-1
-1
10177934
7611961
-1
-1
7620162
4402447
-1
-1
-1
11514217
-1
3738416
-1
783039
-1
-1
10837889
-1
2906326
7046317
-1
-1
-1
4763178
3291637
8714616
10153365
533011
8743312
889629
221493
1988161
9722975
10583768
-1
-1
-1
1791417
3734343
-1
-1
-1
-1
569921
1643859
-1
-1
-1
8185868
-1
2193132
-1
4857484
5308374
9964839
196923
-1
-1
-1
-1
5177214
-1
-1
2070175
-1
-1
4451697
6095396
-1
9190144
-1
3299883
11083885
-1
602744
6349542
2066089
3541730
9882884
6156893
5943743
-1
-1
4890307
7616142
11706946
918379
-1
6989000
11596277
1238104
11797130
9374622
4664872
6083126
1397971
49399
1746388
2652268
7521878
7722733
209267
11379032
-1
-1
10915859
-1
-1
9817330
7747335
-1
-1
8382684
9776345
3012995
6066750
5984773
-1
-1
-1
11649595
2070232
4226306
-1
11473342
8329410
-1
-1
3947582
2996614
705274
6878370
4742792
3853306
988109
-1
-1
-1
7009545
533126
-1
-1
-1
-1
-1
-1
2090753
-1
250304
1853014
8390920
4115664
-1
10510106
-1
4591152
4279628
-1
8718848
-1
5915134
7456359
-1
8034320
-1
-1
-1
-1
-1
2553963
-1
-1
-1
4894496
697120
3320482
-1
-1
-1
-1
-1
-1
9120574
-1
8640993
-1
-1
-1
-1
-1
4878117
4857622
8071238
-1
-1
-1
-1
10862664
-1
-1
-1
10387184
4640387
-1
4046034
-1
9534597
2697465
-1
-1
-1
1385790
-1
-1
-1
-1
8333600
-1
-1
9452630
9489522
4000962
10952867
7394934
-1
11194711
-1
-1
-1
2664696
-1
4919148
-1
-1
-1
1406309
9497736
-1
8337721
2623716
-1
-1
-1
10969284
779171
2615524
-1
8350027
8493492
898047
2123649
1922799
4099368
8559082
-1
9452666
4927370
-1
10169994
7079348
-1
4935574
-1
-1
1517011
10616792
3193504
570145
660323
11772713
5206117
2447487
-1
-1
-1
5898853
5374181
8358253
1111224
-1
1689185
-1
11420213
6538304
2824611
4312549
-1
-1
11653862
7653239
-1
-1
-1
-1
-1
742331
6476832
-1
8177920
-1
-1
-1
-1
-1
11834234
-1
2427031
-1
5431600
3882179
4451941
2713964
-1
7198274
-1
-1
-1
-1
-1
7854120
-1
5837414
-1
-1
2250792
-1
-1
2890239
9296976
11867051
10387312
5599678
5423426
-1
8489480
2525436
6989248
11867058
3525591
5751353
6890874
541526
-1
-1
-1
-1
4218334
6042389
1180977
10477510
-1
-1
-1
2021277
5661190
6767921
-1
-1
869463
-1
-1
6300641
3386252
3078829
-1
-1
-1
10338162
11473586
-1
11764617
11403906
-1
7194235
-1
-1
-1
9944668
-1
7698418
6247373
2185263
-1
7063077
2152476
11658058
10842357
7952564
496483
5124256
10383273
7677935
9911885
2099198
9989773
8395260
10604626
-1
-1
422713
8571526
1570435
-1
11854828
-1
9706954
8538740
496502
-1
-1
4718476
10830086
-1
-1
10838287
9120806
3898682
3169061
-1
-1
5681751
9661881
3997064
-1
-1
-1
5632569
-1
447336
5915403
4169230
6620430
6411385
-1
9186410
6940159
-1
558018
6468777
8542872
2418967
11412174
-1
-1
-1
4685719
2328795
-1
553930
-1
-1
7739480
2140247
-1
-1
9526648
11801594
-1
-1
-1
-1
5296486
10096416
11252335
2656732
6763929
-1
-1
2181253
-1
-1
-1
1029438
-1
-1
5419470
-1
6202381
-1
6911510
-1
1201605
-1
-1
-1
1488539
8174009
-1
-1
-1
-1
-1
2390326
5304715
9206965
7075483
-1
-1
-1
-1
10440770
9420120
-1
8149432
11428632
7120584
627768
2189488
-1
-1
2033731
1718108
7928095
-1
-1
10018588
-1
-1
2861737
-1
-1
-1
-1
6977138
-1
10178459
11125329
8661830
-1
-1
-1
-1
10301436
-1
1595162
652393
-1
-1
611406
-1
-1
-1
6595950
4542352
-1
-1
-1
-1
-1
-1
-1
7321482
865558
-1
-1
-1
11477873
10133402
8481504
-1
-1
11035186
-1
-1
-1
3374159
4661246
-1
-1
-1
-1
-1
-1
5021965
242531
-1
-1
-1
-1
11215560
10321978
6546800
2300238
7411692
-1
-1
9846501
9752225
1554225
-1
-1
-1
8657797
4132501
-1
-1
-1
-1
-1
-1
-1
3452076
-1
4210393
-1
5858193
2583093
1218127
7567478
-1
-1
9682566
-1
6841961
-1
-1
11506626
-1
-1
-1
-1
-1
11354969
11879642
3255347
-1
-1
-1
9391554
10690938
8387301
-1
-1
-1
968115
2111737
-1
-1
-1
-1
-1
742677
-1
509036
-1
-1
-1
-1
734486
-1
-1
7501938
-1
8149582
8411919
-1
-1
7493746
-1
-1
-1
-1
-1
5763974
2968457
9166146
-1
767297
-1
1705970
7756095
-1
-1
8174196
-1
-1
2558569
-1
-1
4550686
2259346
10826257
-1
-1
-1
-1
-1
-1
-1
5263922
-1
3620225
-1
-1
2050311
-1
-1
-1
5489376
-1
8957132
-1
-1
-1
-1
3390695
923097
6538729
-1
-1
-1
-1
-1
-1
837027
-1
8912059
-1
-1
3808807
10633643
2583208
9760558
-1
-1
-1
-1
8920268
-1
1714228
-1
3132484
6719110
4563037
5075413
11810069
1628153
11166528
513225
-1
-1
-1
-1
2611923
-1
3251369
-1
-1
-1
-1
-1
4509768
-1
-1
3230883
9481859
5891134
1824928
-1
-1
10781247
-1
-1
-1
7625021
9539255
10063928
1902820
11293626
6522395
10732065
-1
9383500
3915435
7083963
-1
-1
-1
8612894
1263388
7563552
-1
-1
-1
-1
-1
-1
-1
-1
3730996
-1
2456209
11515000
4882817
9822112
-1
-1
-1
9879505
-1
-1
-1
3431782
6305182
3616239
-1
-1
10051672
-1
3935966
-1
-1
-1
-1
-1
-1
-1
-1
-1
6698702
-1
-1
8485869
3743327
3612160
8768703
1685632
1554463
-1
-1
-1
-1
9186808
10100886
-1
9166316
-1
8002202
11789679
-1
-1
10203369
-1
-1
-1
-1
2501353
-1
-1
1497101
-1
4554957
3808940
3722862
-1
255110
-1
-1
-1
-1
-1
-1
9002383
-1
1128206
-1
5473148
-1
-1
-1
-1
9125362
-1
-1
-1
-1
-1
11392115
6772543
-1
-1
-1
7530862
4706652
-1
1570919
3833568
9129477
-1
-1
3993433
-1
-1
3493358
357624
2394828
-1
-1
3128552
7489889
2911307
7744029
4772253
-1
11232281
-1
6178216
-1
7616967
6059347
-1
7059506
-1
-1
-1
2657184
-1
1902970
-1
-1
8465472
-1
-1
-1
-1
-1
8166251
-1
-1
-1
11642207
-1
-1
-1
7096420
-1
3349936
6280722
9178716
-1
972520
11716000
4751799
5014137
5944611
11699608
-1
7674392
7010355
-1
-1
-1
6551271
-1
11133955
4587852
6600462
11588947
9473864
9887864
-1
-1
-1
5788868
-1
1419336
-1
-1
-1
10732268
9887874
-1
2263737
-1
-1
-1
4583775
3587719
10777366
3817262
-1
-1
8703276
6383242
8830347
7026788
6432434
5243722
-1
-1
-1
7797406
-1
-1
8904139
10154335
-1
-1
-1
-1
-1
-1
-1
2538401
-1
-1
-1
-1
8826272
-1
-1
-1
-1
-1
-1
-1
-1
2554811
-1
-1
-1
-1
6399678
-1
-1
-1
-1
5194577
-1
-1
9519025
-1
-1
-1
-1
-1
-1
-1
-1
-1
1280045
-1
9801868
2144936
8449200
-1
-1
-1
-1
-1
-1
-1
5661888
5682384
-1
-1
8908300
-1
7231811
-1
-1
9867471
7141637
7559736
7908152
8789436
4178063
4596158
-1
-1
11482486
7846674
-1
-1
10933224
9109170
8818140
-1
10297883
-1
5575837
1804757
8244288
3723092
-1
-1
-1
4809331
11252959
-1
-1
-1
-1
-1
7125273
-1
-1
-1
-1
-1
-1
1370284
7531081
624268
-1
6198910
-1
8768985
3337811
8846868
-1
-1
1649027
-1
5817712
9867525
1403091
3473084
837428
-1
-1
8699316
-1
-1
-1
-1
2079436
9822448
3083693
8186947
7904119
-1
-1
-1
-1
-1
-1
10884099
-1
-1
1235056
-1
521832
476744
6407998
3473115
3846125
10334842
-1
3780544
9305996
-1
1239167
6662145
-1
-1
952241
-1
-1
-1
-1
-1
6080096
-1
-1
-1
-1
3161613
10933318
-1
10412747
1895026
-1
-1
-1
-1
-1
-1
-1
-1
9502779
-1
8084527
1345771
9457694
4899606
-1
-1
-1
-1
-1
-1
-1
7670539
735032
6010446
3087858
4661877
7547573
7748426
7363121
-1
3702716
2272165
-1
-1
-1
5178361
-1
-1
1915560
-1
10949758
4485635
10220138
-1
9588894
-1
-1
3969168
4247901
3620755
-1
-1
-1
1702427
-1
-1
-1
1538471
10781717
8978158
11527737
2546828
-1
-1
-1
-1
-1
-1
-1
-1
10859610
-1
11421175
3255967
-1
-1
-1
6436796
-1
-1
-1
5219397
9818475
-1
6494189
8141988
-1
3702773
1858224
11462182
10076720
-1
10462029
7289404
-1
-1
-1
-1
-1
-1
6469611
5916246
-1
5928546
976955
10367765
-1
-1
2620658
-1
3485549
4616873
-1
1390963
5731805
-1
1579520
7932971
3784783
2891203
-1
10265306
-1
-1
-1
11773742
-1
3547051
-1
-1
-1
-1
11749155
-1
-1
-1
-1
6059748
-1
-1
7342738
-1
-1
7158286
10154656
5502290
-1
11814754
1915670
-1
-1
579399
-1
8207640
292472
8252731
-1
11347478
9199603
9371761
1194256
1575465
7678878
8978262
8445392
3739742
2698595
5936805
6752504
-1
-1
-1
-1
-1
-1
-1
1784530
10843321
-1
-1
5067833
-1
-1
-1
8978283
989333
4530869
5408054
1923908
-1
-1
272014
-1
-1
-1
-1
-1
-1
6539392
6629571
-1
10601504
-1
4088195
10572813
10183409
313019
10601510
288422
8158508
3575827
4149683
3518443
8051938
-1
-1
-1
7277231
10744985
4649774
10097344
3219225
5686823
739329
2001825
9712045
-1
-1
10277710
-1
-1
-1
10880267
-1
4834244
-1
-1
5740126
1866572
5514683
9179188
9597289
7908500
-1
-1
7441219
-1
-1
-1
-1
-1
10855692
-1
1723122
858234
-1
5859016
8945564
3497994
11368073
-1
-1
9781765
-1
-1
6859181
9986719
-1
2924144
-1
-1
5969704
9769478
-1
-1
3108606
6055787
11159043
7789667
3592292
-1
3600492
-1
-1
-1
-1
370485
-1
530348
-1
-1
7613423
-1
-1
-1
3338170
-1
-1
-1
4617062
1387051
4973677
10605702
10314673
1690381
5740193
-1
11089391
-1
-1
-1
-1
-1
5236025
-1
-1
-1
8564417
-1
-1
-1
5740210
6264883
3989939
11466514
1001768
6482132
10568838
7076491
1214921
7687244
5334419
198370
2747952
7638057
10995142
5748420
10359799
8568537
7650361
5277038
10072870
4260492
1977350
9949906
3916179
7269162
2350359
8392290
4092437
11851845
3120973
718966
821441
173801
7363441
3338230
7916808
11466534
8166841
2157717
8187325
-1
-1
6396093
1342027
-1
5305762
-1
-1
1653556
4133451
-1
-1
7392160
-1
-1
3157896
1546990
1120694
-1
-1
-1
3420238
8310345
-1
9933552
9925354
-1
-1
-1
4309729
-1
1768351
8900612
-1
2485679
-1
-1
-1
-1
-1
-1
4994274
7994743
8822742
-1
-1
-1
-1
-1
-1
11253456
6551904
-1
399307
-1
-1
7297927
8441549
-1
8154621
9663053
4527008
-1
6875737
-1
-1
-1
-1
-1
-1
-1
825621
9904906
5543570
-1
5191060
10327108
5334527
-1
-1
-1
3744119
5449304
10663233
8326803
-1
-1
-1
-1
-1
-1
-1
4404069
-1
4674605
6453572
-1
6683118
10519783
-1
-1
-1
-1
9716384
-1
-1
6260930
-1
5748557
4674620
3252268
10753439
-1
-1
-1
-1
2748097
-1
11712612
2670219
10003331
-1
10528005
-1
-1
8617874
5273091
5211607
11626543
6142080
9167143
-1
8507208
1161801
9577049
2600552
9462279
-1
3572018
-1
-1
-1
3342478
-1
10093533
10048445
-1
-1
-1
8011246
9814806
-1
10708391
1665998
4818130
-1
2600573
-1
-1
-1
-1
-1
-1
-1
2633373
2280860
9113894
8134234
7773522
2223478
3543356
5482183
5428893
11319163
6248701
10232930
374835
3416292
8474460
4326275
-1
-1
3190855
-1
-1
10040287
-1
-1
7232475
11692187
-1
-1
-1
-1
-1
-1
-1
-1
-1
-1
-1
-1
11368380
-1
-1
-1
7621898
11310998
-1
-1
5683075
-1
9204118
776575
4400092
-1
1444715
-1
11880771
9626322
235513
8179377
2576045
11634833
2244024
4990359
219124
2219429
-1
-1
-1
-1
-1
-1
9048378
-1
-1
-1
-1
11257744
-1
-1
-1
-1
6773443
-1
10044447
-1
8302374
4199276
137168
4596880
1846453
1977621
-1
-1
-1
-1
9429609
11372535
11024122
9544381
3108954
4723958
9150883
-1
-1
-1
1825974
2166192
9581284
-1
2280967
9519802
502003
-1
-1
235571
6884150
10483073
8503256
-1
-1
-1
3691035
-1
10401100
616788
-1
9802649
-1
-1
3346727
2572017
7519510
3117186
-1
-1
-1
6543954
8048287
8253239
-1
-1
-1
7339166
2252308
9700192
-1
-1
7109627
-1
5744662
11860371
1219367
8462302
-1
-1
2674517
2030974
8380327
8040111
9278009
9683810
11483274
-1
-1
-1
-1
-1
-1
-1
-1
317607
8310657
-1
7048168
-1
-1
1207096
11733329
2219551
-1
-1
-1
-1
-1
-1
952967
-1
-1
1002158
-1
-1
-1
-1
-1
7974563
2035113
-1
-1
-1
4211686
3059868
2449118
11020127
8913243
6560416
9589580
2334349
11061123
-1
11077521
7445808
5757021
-1
-1
8696007
-1
6150530
-1
-1
7322847
-1
-1
6753089
-1
-1
-1
4646207
-1
-1
-1
-1
-1
51234
-1
-1
-1
-1
-1
-1
-1
8905082
-1
-1
-1
6207944
-1
-1
-1
8093488
8011509
5027438
6335020
8851807
3199287
7556524
-1
9417473
-1
-1
1944999
-1
-1
2391793
-1
7191724
-1
-1
805485
-1
-1
-1
10708673
5453756
-1
9868381
686622
9601948
-1
-1
-1
-1
-1
-1
-1
5371788
2342627
-1
-1
3301797
7888579
3400175
-1
7839394
10097944
8220603
11835922
2027016
-1
5810395
3805985
6708078
-1
8905144
2920605
-1
7507388
7048301
4408546
7941885
8942040
6908939
3223935
1711405
8159135
4605302
1830283
8232922
5568572
10245532
-1
4748776
10417693
2768959
-1
5794025
2014748
-1
-1
10450493
-1
11799066
-1
-1
-1
3650258
-1
-1
-1
-1
-1
-1
-1
-1
-1
-1
5597294
-1
-1
-1
7245096
-1
-1
1055609
7806662
305493
-1
-1
-1
-1
-1
5232498
-1
-1
-1
1022829
1285166
9454473
11553160
3039541
3088730
-1
4822609
6355635
-1
7790288
7851774
11860595
4519289
2633750
612944
4966082
11176069
-1
-1
3965931
-1
-1
-1
-1
264539
6769653
8810956
-1
7650941
-1
-1
6171205
3740499
9712743
-1
-1
-1
2769041
5970361
9802925
-1
5626048
11831934
-1
5749021
5695735
22719
-1
-1
-1
5425206
6326987
1883672
1461476
-1
3699532
-1
7773940
-1
11639299
7601785
3453597
604792
-1
-1
-1
8101869
8503572
-1
8286327
5658868
-1
-1
-1
7823145
-1
5712162
-1
-1
-1
1154078
-1
4384092
-1
-1
-1
2506754
-1
2064064
11877071
2068165
-1
-1
-1
-1
2531357
4998956
-1
-1
1527106
752396
-1
-1
-1
-1
-1
-1
-1
-1
-1
-1
-1
-1
559756
8995498
7228831
10688387
11655753
-1
4773534
-1
8630695
-1
4125896
3486453
6302467
4425125
6995198
1867351
391713
-1
-1
11274561
-1
10204724
8093740
3863573
8081444
11299161
10622827
3699617
10159641
1998531
10147342
10155546
3490573
2285467
8454454
5589264
-1
-1
1043476
-1
-1
6859960
9073421
7163287
-1
2457638
5117890
11438549
-1
2154316
-1
9171806
3994770
8610245
9282482
453233
2535529
4293996
-1
11295096
420449
9225103
-1
3867712
2404369
-1
-1
11803380
5904919
-1
-1
-1
-1
-1
-1
4523564
9729294
2879865
-1
-1
6650950
568035
-1
-1
-1
-1
3625894
-1
-1
-1
-1
5089242
3105327
10684378
43376
10713073
5384375
5712296
7704406
11655848
-1
-1
9118570
-1
9852293
9106276
3740686
2724135
-1
-1
-1
-1
1818261
-1
-1
-1
-1
-1
5843485
2777434
-1
-1
7655247
-1
-1
6212402
8532437
2941401
-1
-1
-1
-1
-1
-1
10913964
6163224
9717058
9520307
4650696
8852172
-1
-1
1260827
-1
-1
-1
-1
-1
-1
2125723
-1
3084891
-1
-1
8389000
3158677
4306397
6429680
-1
-1
-1
-1
-1
-1
941127
3445617
5728761
4458071
7979114
10012219
9860551
-1
-1
-1
9676106
-1
-1
-1
10553296
-1
2675020
6126379
-1
-1
10991895
8192278
8311149
5966523
2539761
9598236
9171945
7618418
8196385
-1
9544958
-1
-1
-1
-1
8315263
5150835
-1
-1
8163604
-1
-1
-1
-1
4544192
8044738
-1
-1
-1
2338935
1117434
11274757
8819456
-1
-1
-1
-1
-1
-1
-1
1535542
-1
5642742
-1
3527660
8807172
1215826
-1
-1
2933310
4158912
-1
4712279
9241675
-1
-1
10262329
-1
449325
-1
-1
-1
-1
2822651
6815077
-1
-1
1638044
-1
4212218
10848500
-1
-1
-1
1408507
5573092
-1
986313
-1
-1
-1
-1
-1
203410
-1
-1
7995612
6606051
2880061
-1
-1
-1
-1
11524858
3130107
-1
6966773
10397636
650216
928947
-1
11188748
-1
-1
-1
-1
-1
6753636
10746063
2884182
-1
4880397
-1
3949926
7278315
-1
-1
5552639
-1
-1
8872832
5868265
-1
-1
-1
8040740
10799367
3892552
-1
-1
4195883
4068814
-1
-1
10877257
-1
6757764
-1
-1
-1
-1
-1
5392803
-1
8491649
-1
-1
-1
-1
-1
-1
-1
-1
-1
-1
-1
-1
-1
2171005
10020591
6077354
-1
11684788
-1
-1
-1
-1
-1
-1
-1
-1
4691903
-1
1437299
-1
6257725
5745351
-1
-1
-1
-1
-1
7061136
-1
-1
-1
7446446
-1
-1
-1
-1
-1
-1
-1
-1
-1
-1
-1
3421240
10028828
748693
-1
-1
5433854
5298587
-1
146147
-1
-1
5126435
-1
-1
3011354
4523886
-1
3429455
-1
-1
-1
-1
1347168
-1
3671303
6118407
-1
10877348
-1
10061649
-1
1080742
-1
8044945
11414324
9049202
3638522
-1
-1
-1
8995920
-1
-1
7536679
3736907
-1
10762595
1638222
2941704
-1
-1
-1
4142716
-1
10041179
3593453
-1
-1
-1
2646588
-1
-1
867625
-1
-1
-1
-1
9942816
3794317
1687432
10697035
5642969
5175680
8680330
9836246
6089764
2839258
2216211
4511651
11705395
1326730
5466712
-1
-1
-1
-1
-1
-1
3753347
-1
-1
-1
-1
-1
-1
-1
-1
-1
-1
9705106
5552820
-1
3720569
10545404
4642845
11758711
7467059
-1
10643786
-1
5446256
-1
-1
-1
-1
1712072
4769927
-1
-1
-1
-1
-1
-1
-1
-1
8299175
-1
2167073
732423
-1
-1
-1
-1
-1
-1
-1
3806682
5319214
2798330
10184727
7135073
1171029
6294781
1896555
2458112
-1
8135236
-1
9106701
10069967
10848778
-1
4134618
691459
-1
6893248
5393015
1175145
-1
-1
-1
2950016
-1
8217233
10606950
-1
10996358
-1
2154817
11258697
2003156
7344154
1154661
-1
-1
-1
-1
2560627
-1
6401392
2253205
-1
5561100
-1
4388788
11750592
-1
-1
9061652
2613926
-1
5581604
-1
-1
-1
10586487
-1
9824075
-1
3589498
10201186
-1
8877211
-1
-1
-1
-1
-1
-1
9024782
10631591
-1
6344039
-1
-1
-1
-1
9541264
-1
11475994
1437544
4446211
5003674
6462921
9180559
11307940
-1
-1
-1
-1
-1
1015358
2708246
8578015
-1
-1
-1
1925342
462000
10697204
1138337
9119087
568578
7893491
-1
4011741
-1
-1
-1
-1
-1
-1
9377339
-1
-1
-1
-1
-1
3523973
1958156
2003246
-1
-1
-1
-1
-1
-1
-1
-1
-1
-1
1142467
1634347
6930257
-1
-1
-1
1449898
11217815
8598556
-1
-1
-1
-1
-1
2909150
-1
-1
-1
-1
-1
-1
-1
9127341
-1
-1
-1
-1
10766946
5376762
5692385
6971274
8266559
2585347
8516598
1945900
2609944
4507782
10385748
11176853
-1
-1
-1
-1
-1
-1
-1
-1
1986908
4807020
10373464
-1
-1
212046
10639903
5708805
10262795
8209195
-1
6352354
11152284
-1
-1
580966
8709283
8262494
-1
2679658
-1
-1
-1
-1
-1
-1
-1
-1
-1
-1
-1
-1
-1
10299713
8287105
10143953
-1
4040544
548197
-1
-1
-1
-1
-1
-1
-1
-1
708067
9500423
4884950
11513034
-1
10795711
3138779
6713109
6741802
-1
7582100
-1
-1
7741964
-1
904834
6512267
4999737
8012503
-1
9512739
-1
-1
-1
-1
-1
-1
-1
-1
-1
-1
-1
-1
-1
-1
1138497
1654971
10336653
-1
-1
-1
10713767
8168288
-1
679418
-1
-1
-1
6967288
-1
-1
3507735
6377035
1331168
5315397
2118178
4081600
8168304
4499699
-1
-1
-1
9447197
-1
-1
6836137
1409061
9840704
2860110
2503497
11615576
8651996
367916
2995382
9959583
-1
-1
-1
-1
-1
8315891
-1
-1
-1
-1
-1
-1
-1
-1
4950621
1171344
11131913
8734001
7241966
7057507
-1
-1
-1
-1
-1
-1
-1
-1
3159372
-1
-1
-1
-1
-1
-1
827048
1638651
224497
9057843
-1
-1
2491248
9877647
10713843
6926369
3561091
-1
3130698
2683907
7475640
-1
-1
-1
5815549
3770148
-1
6717332
3360251
2970847
5897535
6840303
1109905
-1
-1
449969
10127709
5479444
-1
-1
1400942
-1
257323
8389739
8164296
-1
-1
-1
5725395
-1
-1
11566473
9016896
4905600
-1
4831820
4954790
2606064
3552934
-1
5135151
5282715
-1
-1
5040878
-1
6869034
8857049
589368
7627352
5290923
7114978
3876766
10804074
2101905
-1
-1
-1
-1
8143836
9865417
1388685
5823803
8885759
-1
11632091
9771145
-1
4913833
3569361
3979262
8656221
2741367
425433
4577719
-1
-1
2651194
-1
7127304
679578
5413924
-1
3380822
-1
-1
-1
-1
-1
-1
-1
-1
-1
7676584
9295690
-1
1077197
-1
-1
-1
-1
-1
-1
9947440
9877758
10648371
-1
9963840
1265763
-1
-1
638619
-1
-1
5024552
8352941
5372969
4417903
11394399
-1
3934224
3819452
11156664
-1
-1
-1
-1
9840890
11119778
-1
4975380
11414910
11345228
-1
-1
-1
-1
6369047
7463480
11013216
2397116
2585674
5413985
667344
1724887
-1
-1
-1
675547
-1
9824517
1942140
171374
11357546
6676485
-1
5213148
-1
-1
8193124
6180516
3089871
-1
-1
9021127
-1
2093819
-1
8779290
-1
9070321
7697157
8951450
-1
-1
4266298
-1
-1
-1
7213483
-1
6799486
-1
-1
4663910
-1
1278138
-1
450142
-1
-1
-1
7496327
7385655
9377770
-1
790367
183716
4192538
-1
-1
4454878
-1
2712805
-1
8496496
1032218
-1
5578011
-1
-1
-1
1765945
10640280
-1
6164175
3881033
2257830
10353353
11580
-1
11201852
6574082
1237183
10578807
749406
10095126
8287468
5155828
-1
-1
-1
6840527
-1
4237664
4508198
10595215
5233722
4819722
-1
3319494
-1
8164514
2790726
7533268
556773
2626766
11287952
11316651
-1
4331957
6102726
2725150
-1
-1
-1
8279300
7106987
-1
-1
-1
-1
1487263
3651535
6672498
4188507
-1
-1
6135535
10714119
-1
2573507
-1
8037476
-1
-1
-1
-1
1565160
-1
11677395
-1
-1
10189461
-1
-1
-1
2831760
10304238
10148475
-1
-1
-1
-1
5791245
-1
1929989
-1
-1
-1
3667969
9529539
2442368
-1
-1
-1
2700611
7398066
6430702
3897522
9746796
7328382
138740
7221815
9070465
-1
6971779
4774716
3012147
4741925
7246412
8599087
122356
8144096
-1
5709296
11693837
-1
-1
6799634
11238851
-1
-1
-1
-1
-1
-1
-1
733123
7459583
10275596
10111637
7685028
933976
11128193
9205763
6934911
962670
6783257
8984421
4500116
8283494
9050008
1171731
9574682
8927037
10087059
6500435
7426808
1872665
515894
8299900
9164790
1372592
1655423
2758042
2417827
8705707
-1
-1
1934162
-1
-1
-1
6074156
5061704
3959073
5324042
852033
7783444
2659695
552806
9127919
9972306
5393732
4905945
7734263
4180427
7373553
7287466
1475094
1417708
6820179
-1
2700699
-1
4188638
6877583
-1
11029872
-1
-1
-1
-1
-1
-1
-1
9566537
9140241
536442
-1
7484249
-1
-1
-1
8767240
11657036
1032429
11820998
11599652
4897787
-1
-1
4012408
2385106
-1
-1
8066323
118362
6598883
-1
7697417
3491844
-1
-1
315122
7324412
5397884
4684659
8320471
-1
-1
11140588
-1
7959766
1856356
-1
-1
-1
-1
-1
8164723
5451186
4537110
-1
3811589
9697754
8222113
-1
-1
-1
-1
7168677
-1
8148340
-1
-1
-1
-1
-1
-1
-1
9808443
1630939
6176731
4041153
10513472
1688329
7189188
3069693
-1
-1
-1
11439856
1413702
3184470
6324304
5914405
-1
3077902
2225311
-1
-1
-1
7644193
3934599
6127564
10411018
8332829
-1
-1
-1
-1
-1
-1
-1
-1
-1
-1
2028578
2704914
-1
-1
-1
-1
-1
-1
10948010
9660925
-1
-1
-1
-1
-1
1159605
2122871
-1
-1
786600
-1
-1
3336181
3299291
-1
-1
5684912
-1
10083141
-1
-1
81584
3082053
-1
4639675
-1
8853449
-1
-1
4045325
-1
-1
2643470
-1
-1
-1
-1
2172090
-1
-1
7955782
2213084
1176038
2401638
6160420
-1
2512316
-1
-1
-1
-1
1495769
8291912
6492451
7386035
7963995
7484413
5426710
-1
-1
11062844
8800197
-1
2004057
9427347
-1
-1
1208855
8209948
6451477
5951401
5041424
1294935
-1
-1
946527
-1
-1
934233
6611349
10505400
5094721
180021
3282964
-1
2274613
9062558
10780040
1926201
7111435
8734639
-1
-1
5730078
-1
9935654
-1
-1
-1
-1
8501009
4246248
-1
9083070
7271313
3811758
11833502
9570853
8140305
-1
-1
-1
2823906
7287718
-1
-1
10407060
2094289
-1
7550060
2061499
-1
159566
3889657
-1
2864909
-1
-1
-1
-1
1463056
4922613
3328103
5619445
8665003
-1
3762601
6140022
3483871
-1
-1
5832601
2836233
11399044
-1
-1
-1
-1
-1
-1
-1
8501060
-1
8468270
-1
-1
-1
10525972
-1
-1
-1
9534018
-1
1024496
-1
3114988
5389934
225195
4594729
-1
-1
4975940
7521420
8230547
-1
1901694
-1
-1
-1
-1
6234342
-1
-1
-1
9640615
-1
4070076
-1
7623911
10903112
512147
-1
11276124
-1
10788345
1336052
-1
-1
-1
622830
3397854
2569856
8550299
8119905
-1
-1
-1
3020753
8587196
-1
6631975
-1
-1
-1
4160282
10931830
-1
-1
-1
-1
-1
10562927
8808556
3934846
3041262
5459674
1459048
-1
-1
3463467
-1
-1
-1
-1
-1
-1
8062552
9493104
-1
-1
-1
-1
-1
-1
-1
-1
-1
-1
-1
-1
3037192
901614
9747256
4082440
3205254
11751671
-1
-1
-1
-1
5824522
4357081
-1
-1
9792358
5931101
463034
1614856
6004886
-1
-1
-1
-1
-1
959023
11042563
10554782
-1
2008371
1815719
10460511
-1
-1
9870258
3041325
-1
-1
-1
-1
-1
10296561
10464621
9349694
5385961
10128506
2274823
-1
-1
1938708
627029
-1
9644831
8599587
-1
-1
-1
9025887
-1
10595806
-1
6193482
9542366
11452500
-1
1213201
3590622
10341676
10218707
11645156
-1
4283358
-1
6054128
-1
9726834
-1
3479960
5135957
-1
8923435
-1
5914771
6472236
8468450
-1
-1
-1
-1
-1
-1
-1
-1
6271395
-1
-1
-1
6837061
7603575
-1
-1
-1
-1
2348662
9821139
-1
-1
6759190
5217966
11837853
3951377
3693142
-1
-1
-1
-1
-1
-1
-1
-1
4705604
-1
-1
-1
6320614
-1
-1
-1
-1
385267
-1
6168958
-1
-1
-1
11063168
-1
8927591
987829
9444067
5148314
9870365
-1
11825590
6013209
3373454
4025196
-1
-1
-1
-1
8226676
-1
-1
-1
9763805
9915469
45078
10198302
9066977
4832713
-1
3238204
-1
-1
-1
1352668
-1
