-1
9034141
9723425
-1
-1
-1
-1
10806589
-1
-1
1636181
-1
6640678
-1
3464143
11628599
-1
-1
-1
3060894
-1
-1
5757072
-1
2815508
-1
6195237
-1
7251691
6404161
1076937
-1
-1
-1
10699811
6147122
10189732
6225987
-1
-1
5270422
3434399
9111290
-1
-1
-1
-1
-1
1201995
2396649
-1
-1
-1
9148292
6238430
-1
-1
11859580
1642771
-1
6712103
9152468
-1
-1
-1
1566191
4070465
-1
3669246
-1
-1
-1
11624103
-1
-1
3410020
1651646
-1
-1
-1
-1
-1
-1
-1
-1
-1
6021283
-1
3055142
-1
3069520
8884183
11493352
8495427
-1
3153187
-1
-1
-1
-1
10010594
-1
-1
-1
-1
5475294
3092645
11421893
3932616
8002669
8045913
11544429
11520428
405820
-1
5033872
-1
8394469
-1
-1
4296286
-1
3063602
-1
-1
-1
-1
-1
7781784
-1
-1
8474196
-1
-1
-1
-1
-1
-1
-1
6607982
10612794
4420305
-1
1430050
-1
1432776
11709100
4550561
403923
10581659
-1
9239565
-1
-1
-1
9489363
11457988
813438
6561632
8331991
6517870
-1
4053542
-1
4545889
625886
9377645
-1
-1
10172694
-1
-1
-1
-1
6382345
-1
4434407
-1
-1
-1
9461540
-1
-1
-1
4391172
8941066
2599976
2994374
-1
-1
-1
11371537
-1
11170433
4968971
11378267
1577784
-1
-1
6085957
-1
9809589
6745068
9080712
6231868
-1
-1
1581963
473208
4307837
10598913
9749163
5646810
5760910
-1
-1
-1
9459493
8954124
7376893
4229177
11402827
2656280
9841392
-1
1786213
-1
1481430
6279202
-1
78901
-1
-1
1844052
2821449
-1
-1
3406758
7503600
3946293
-1
7218145
-1
-1
8326866
-1
6430428
-1
5249323
-1
1443941
6297437
-1
8633744
-1
8894246
-1
4793949
10388477
-1
-1
8497563
-1
918786
-1
-1
1152997
-1
-1
8910932
1452818
1216285
6818599
821369
-1
-1
-1
-1
1908701
-1
3226665
-1
-1
7281779
1944627
8855722
7681389
-1
-1
5447798
-1
-1
-1
-1
-1
989153
-1
10715704
-1
627583
-1
3161208
2863718
-1
-1
-1
-1
-1
11232547
4207384
-1
-1
-1
-1
-1
2382767
-1
-1
-1
4364620
8124794
11723342
-1
6571696
6110091
-1
3138309
-1
4590338
8598691
-1
11699386
6607654
-1
-1
9099600
-1
-1
8912256
-1
-1
-1
5972044
10557366
8555685
-1
-1
2225538
-1
-1
8439881
-1
-1
-1
-1
-1
6639459
4701861
916276
-1
4375718
-1
-1
-1
11352433
11675367
8033144
6074185
4741989
6942571
-1
7118794
3442098
7820583
-1
5817861
1737765
-1
-1
8546863
5025272
-1
-1
823025
8391089
4019379
1957262
-1
11494169
8406203
6481109
4442437
-1
8109758
-1
10874186
5361486
5545400
2950300
1805664
10205748
-1
9080911
-1
2578312
8355682
1307591
-1
-1
-1
7835729
-1
6380578
8053510
-1
6496764
-1
-1
-1
740760
5564179
10684047
4763925
9084058
-1
-1
3677644
8526071
-1
-1
9622258
-1
11372299
7576815
7571606
-1
-1
-1
11493177
3367662
-1
11617699
5310474
-1
-1
-1
9185155
8804305
8035238
1256498
-1
-1
-1
-1
-1
-1
-1
7716467
-1
10687615
3414052
-1
-1
-1
-1
231263
-1
11795386
-1
-1
-1
-1
4869217
5020829
-1
-1
-1
-1
-1
-1
8899681
-1
3178061
-1
3348430
161474
7510701
-1
8916882
-1
-1
2015627
-1
-1
9657226
5376173
11633905
8297422
-1
-1
-1
-1
-1
-1
8804362
8393294
4290941
6388488
5062023
-1
110441
5229788
-1
-1
2662303
-1
-1
11479189
-1
11598849
-1
