-1
8488107
5541077
10138118
3423154
4014203
-1
-1
-1
-1
-1
-1
8759015
763450
-1
6747813
4170187
3152271
-1
-1
-1
-1
-1
9136640
-1
-1
4145571
935852
-1
-1
10794865
-1
6362007
-1
7215745
5237377
-1
10318750
870192
-1
-1
-1
9087405
10778459
9506066
-1
-1
3324692
11057570
-1
-1
-1
-1
-1
-1
1896334
-1
11197133
-1
-1
-1
-1
8381451
10015043
10335195
7905331
3037394
-1
8718026
7084436
-1
-1
-1
4293380
2109787
-1
-1
5680705
2610540
-1
-1
-1
-1
-1
-1
-1
-1
11607613
4342648
-1
-1
870245
4564296
-1
11115080
-1
-1
-1
-1
-1
-1
4244154
8085967
-1
-1
-1
-1
-1
3431470
-1
-1
4022521
8135230
1732210
-1
7412842
-1
-1
-1
894900
-1
-1
-1
-1
11082274
2733722
2454617
-1
1568047
-1
6460613
4687469
9103912
4564337
11476315
-1
-1
-1
9694967
-1
-1
10515870
-1
4293450
7601677
-1
-1
-1
-1
-1
-1
911350
7043474
-1
-1
-1
-1
2388976
8521100
-1
-1
-1
1568081
8176326
-1
2659881
3521827
-1
5032285
-1
-1
-1
-1
3997956
11624118
5968116
-1
-1
-1
5401701
2331536
-1
-1
8061421
3718860
-1
-1
-1
9145014
-1
-1
-1
2159159
5114399
-1
6715157
-1
2569614
2347972
-1
7068149
656921
-1
-1
-1
3103207
-1
-1
-1
-1
-1
-1
10712957
-1
3595756
7051746
-1
-1
11295802
-1
-1
-1
8414447
-1
-1
4548011
-1
-1
-1
5327870
-1
-1
6813702
-1
9563719
-1
-1
5393550
-1
10368206
-1
8603273
7207744
5968184
3251006
-1
1601001
6600282
3858478
2134589
2454737
9005524
11673449
7289845
6698797
10343594
8036867
4145802
550254
-1
-1
-1
1305493
10121959
-1
-1
-1
-1
-1
-1
-1
-1
-1
-1
7363747
1157743
-1
1502524
7511513
4695827
9358537
-1
-1
10368250
5212998
9292873
2799555
8956305
5286882
2577915
8069737
7027194
262975
2971951
-1
796568
-1
-1
484629
-1
4498832
-1
-1
-1
-1
-1
-1
3037637
-1
-1
2618981
-1
287627
903303
6025720
5672734
-1
-1
-1
-1
11854116
-1
-1
-1
-1
-1
-1
-1
-1
9818293
2019744
-1
-1
-1
-1
-1
-1
10869053
11115324
-1
-1
-1
1650351
4794399
-1
-1
-1
5804110
9654132
-1
-1
-1
-1
7511588
-1
6526510
-1
-1
-1
-1
4622027
-1
8184735
-1
-1
8496680
-1
7372049
10236991
8890716
6551152
-1
7708623
-1
-1
-1
10154909
4901150
-1
484710
-1
-1
-1
6148924
-1
-1
-1
-1
5738479
9941488
-1
-1
-1
-1
6657893
-1
-1
-1
-1
-1
-1
6132524
-1
-1
9539262
-1
-1
-1
9350459
-1
11337039
8562397
-1
-1
-1
1872067
-1
8964645
4737011
-1
-1
-1
-1
-1
10885558
2060883
-1
1510883
9785556
6009417
2922831
-1
-1
11755721
-1
-1
-1
9112427
-1
-1
8660935
4819124
10319153
-1
-1
-1
4063901
8981092
-1
-1
-1
-1
10943049
4441522
-1
-1
1437031
7593782
4408691
5689296
9596780
4786308
10540817
10491563
9719918
-1
-1
-1
2963917
-1
-1
755699
10138587
1913170
2397502
-1
-1
9293065
2184072
-1
4416922
-1
11222185
-1
9826657
3637072
1683330
-1
-1
-1
-1
-1
-1
-1
7618446
2389313
-1
698262
-1
-1
10072943
8020694
3251265
3210222
-1
-1
-1
-1
-1
4901282
657230
11255049
9990865
6108009
11731172
5713978
10023705
5147560
6543091
11337148
919925
5582638
4490842
6050549
-1
-1
-1
-1
-1
-1
-1
-1
-1
-1
-1
960988
-1
-1
-1
6731919
3284140
-1
5459527
1240102
3349816
-1
-1
6387149
9539405
6108045
6690882
870704
10064782
-1
-1
-1
-1
-1
-1
-1
6740149
-1
-1
-1
4022974
-1
7692399
6978217
-1
-1
-1
-1
-1
977444
-1
4893139
-1
1478197
-1
-1
-1
6633453
4638667
7585698
9876010
-1
5155838
4047623
11657367
7191672
6896149
-1
3481208
-1
8316311
3366285
10196173
-1
-1
-1
-1
-1
9670804
-1
6682730
-1
3686447
-1
197624
3990183
7610353
6584229
66284
4359591
7766328
9761115
7897672
-1
8119319
-1
-1
-1
-1
-1
-1
-1
1355111
8899183
10984270
7651415
3358111
-1
3645428
-1
-1
-1
1067806
-1
6896198
3054386
7799190
-1
-1
-1
1026769
6017841
-1
-1
-1
-1
4302166
3128280
-1
-1
2570071
3456643
2176040
-1
4917849
-1
-1
-1
-1
9506685
1511120
2758889
-1
-1
-1
6600705
9867887
3752184
7199965
-1
4261145
-1
-1
11148499
-1
1412627
-1
-1
11378356
-1
-1
-1
-1
7782819
-1
4983552
-1
-1
3251456
5123108
-1
-1
4499228
-1
-1
-1
-1
10401504
1289515
6469393
-1
5369391
4121624
-1
7183583
-1
-1
-1
9014194
10820175
-1
8899271
-1
-1
-1
-1
-1
5426870
-1
2742529
11140337
7881365
-1
1051479
4441797
8570923
-1
-1
5254492
-1
-1
1716416
11657515
337306
205960
1987316
5944056
-1
-1
-1
11156775
-1
-1
-1
-1
5566451
-1
-1
-1
-1
-1
4778393
-1
-1
4811232
2857491
-1
1092558
2389580
-1
-1
10106044
7906033
-1
-1
8809026
7897828
969433
-1
-1
944809
-1
-1
8045597
7938881
-1
-1
-1
-1
1773927
-1
-1
4261257
7117990
5426937
-1
-1
-1
-1
-1
10647867
-1
-1
8398604
-1
1511255
-1
-1
1831409
5106801
1363496
8538165
11140419
-1
6617262
-1
-1
-1
8841905
9203102
4400837
-1
-1
-1
-1
2726207
-1
2406058
4466518
-1
6305336
-1
-1
-1
7076986
8415053
-1
288146
4868768
8144160
903823
1519499
-1
-1
2012043
-1
-1
-1
-1
1552344
-1
-1
-1
6412076
-1
-1
-1
427719
11296436
3998636
4556848
7651643
11411364
8677764
1544150
3670275
9884493
11435998
-1
-1
-1
2282967
5221790
1215797
-1
8152406
-1
5525528
-1
-1
1141925
-1
928493
-1
-1
-1
-1
8743466
-1
-1
-1
-1
-1
-1
-1
6305401
10253931
-1
-1
9293481
7077052
-1
5985257
-1
-1
-1
4171072
5886754
-1
-1
5180783
11329325
3998689
7126316
-1
9260661
-1
-1
-1
10327835
-1
9884551
2915110
7101702
4565120
10024104
-1
9983065
-1
-1
-1
-1
-1
10738299
10344268
3030048
8308437
2348705
-1
-1
9876361
-1
11345774
-1
1092735
-1
8037551
-1
-1
-1
-1
-1
4737539
255426
-1
-1
-1
-1
-1
5706208
9662946
-1
-1
-1
-1
-1
10319673
3637548
5648753
8431606
10409976
-1
-1
-1
-1
-1
-1
-1
-1
6486083
7224893
7323402
4318910
10746558
10155511
-1
-1
9794318
4039810
-1
4836085
4942803
-1
-1
-1
5033106
-1
11173440
-1
2865934
-1
9605525
9047314
6510734
11608523
10319712
2980867
1232346
-1
-1
-1
3629383
-1
7060747
6280893
-1
-1
-1
-1
9868231
5952538
4245067
7348071
-1
-1
-1
-1
-1
1404761
9638389
-1
2389844
-1
-1
5123444
1371932
-1
-1
6174200
7807792
8530184
8513768
805518
4015238
1314472
3654044
6100327
-1
-1
11378717
91343
6601081
-1
9055574
5361524
-1
11001110
6666758
6757059
9786181
6313774
10738425
1971216
10877979
378671
-1
-1
-1
-1
-1
-1
-1
-1
-1
11813819
10451126
1027193
2439144
-1
-1
4253336
-1
-1
-1
-1
-1
7413807
-1
-1
-1
1979453
-1
5115293
8103370
11009355
4491412
-1
5189179
-1
-1
-1
3924997
8875025
7151135
-1
9277269
-1
-1
-1
608569
7085471
-1
-1
-1
-1
1191414
-1
-1
3596654
-1
-1
-1
-1
5468311
3440689
8086983
9950428
8604150
1388443
9137740
-1
4187715
-1
3473534
1224268
-1
-1
403372
8612373
11452686
-1
9178797
-1
-1
2414584
2669063
-1
8505665
-1
-1
11592252
-1
-1
11830316
-1
-1
11740020
-1
-1
-1
-1
-1
-1
-1
4376555
-1
-1
-1
-1
-1
-1
-1
5460151
7315385
2611630
3243724
7586285
3292980
1487001
5788518
9104955
8661670
222819
-1
-1
7085546
-1
-1
1413130
214617
1396713
5845993
9187054
6043006
7742274
1265371
-1
6198986
-1
-1
3260167
6675112
5090776
6363169
-1
4253461
1651209
1963152
9072147
9884839
-1
-1
-1
6387809
-1
2644507
-1
-1
460916
-1
-1
5985576
5435574
-1
1150478
3096012
-1
-1
-1
-1
-1
10328147
8054255
7167683
9129636
-1
-1
10369198
1495270
7126644
-1
-1
-1
-1
1257215
8292329
190046
11181899
-1
-1
-1
-1
10968470
5140081
4335600
-1
6067701
8661746
6116957
2160219
592302
7208757
7052787
7397565
8161002
5501287
1823658
7578168
5066215
10270721
8251309
7808021
2833371
7249813
5378162
-1
8686392
9031171
-1
-1
-1
9162519
-1
7208779
-1
-1
-1
-1
-1
-1
-1
-1
-1
-1
9497
-1
-1
5624456
-1
-1
1807274
-1
-1
-1
567719
2480417
-1
-1
4705059
11239423
6067753
-1
2956546
-1
-1
-1
-1
-1
-1
-1
9671516
-1
10098386
9310323
1011025
-1
-1
2176706
-1
-1
11592432
4803590
2677459
-1
-1
-1
-1
-1
-1
8382722
-1
-1
-1
2513291
7340184
10746919
-1
-1
-1
-1
8801392
8883483
625230
3490172
-1
10279017
-1
-1
8308860
1520017
5649146
-1
-1
-1
-1
5698405
2406596
-1
5911842
-1
5222288
-1
-1
4696915
-1
1388690
-1
11666360
-1
-1
-1
3662589
-1
-1
-1
-1
3908864
1462582
-1
-1
-1
4360364
-1
-1
3982753
7865611
-1
4253653
-1
-1
2291705
3744698
1823794
-1
-1
-1
-1
231253
-1
-1
-1
10886539
-1
10755197
-1
-1
-1
1897690
-1
-1
-1
-1
-1
-1
4721593
6191004
1692474
4959657
11058941
3243978
10558198
8949235
11116409
10812680
-1
-1
2488757
9917902
11379106
10968656
5263403
7430580
-1
-1
-1
-1
-1
5255201
-1
452938
2299963
8883582
-1
6954470
2603700
1314889
4861178
8711200
11453007
4294759
-1
10467930
7102241
7791797
11042563
11100025
-1
3170135
4442531
-1
11444810
2431329
8259720
-1
4458955
1848494
1429836
6470161
3112683
9335105
674611
6995543
9138093
11551533
3038808
1733578
6568678
5755990
5082850
4434343
740279
10525423
5173156
7972426
3153743
10156021
9154506
5575392
-1
-1
-1
7463476
7923180
-1
-1
-1
-1
8965729
-1
-1
-1
-1
5140340
-1
-1
-1
10656792
-1
-1
-1
5944830
-1
-1
-1
9047836
9409033
-1
-1
-1
608989
-1
-1
-1
-1
-1
789593
-1
-1
-1
-1
5353802
7348590
4729919
-1
6642619
4401563
-1
-1
-1
-1
5797098
3859774
7258302
1528420
5025454
10312051
1413496
-1
6593379
-1
6856069
3014258
3859786
8949366
-1
-1
-1
-1
10320275
-1
-1
-1
-1
6708320
10188936
-1
-1
674709
3769502
6068024
-1
10960590
8497891
-1
3383686
2086665
8350133
-1
7044904
2735180
2439656
5542660
5829972
-1
5862814
559801
3523251
8941192
9885228
4262064
1823989
4541168
-1
7422533
-1
-1
-1
4344162
8391200
4639687
11683011
-1
3662820
7233736
6018805
-1
10862117
2595655
-1
535198
6462097
-1
-1
4270297
-1
-1
7504646
-1
-1
420282
5230757
5616581
1889693
3063584
2177012
6363604
379242
-1
-1
3556130
-1
-1
-1
9269598
9712885
-1
806122
-1
4877788
8227060
8054673
1643444
2866585
4450924
8128556
3367339
7636020
11206936
3695702
1175539
4467349
11108421
8957675
-1
-1
-1
-1
10837541
5501692
6100950
-1
-1
-1
-1
1471079
-1
-1
7135292
2308401
-1
67346
7020369
830785
5197973
1397208
1544968
-1
-1
11174131
6478583
3022594
9671887
-1
-1
-1
-1
-1
1372594
2456183
5969636
9064430
-1
-1
420356
-1
-1
-1
-1
-1
-1
-1
2333061
4500237
-1
8760711
-1
7406228
-1
-1
683060
10698041
625599
11330136
1840533
1479336
10402520
5230851
5559210
2480834
8555501
6700260
-1
-1
5715191
-1
-1
-1
-1
-1
-1
-1
-1
6445801
5362214
-1
3063696
2185333
-1
-1
-1
10312248
7759250
3375645
6798799
10812998
-1
-1
-1
-1
-1
11724206
-1
10107035
8309265
5559250
10985398
-1
9704799
-1
7398072
6618218
9992118
11264514
-1
-1
5961503
7217481
6339118
8892118
6117476
2226413
11830943
10993627
-1
9318993
6158529
3851801
5337629
-1
10747364
-1
-1
-1
-1
-1
-1
-1
-1
3909276
-1
-1
-1
-1
-1
2801067
-1
-1
-1
4730186
6700347
1479424
10657087
-1
8629466
-1
1750326
-1
-1
-1
-1
11453369
-1
7948128
-1
3359299
-1
-1
-1
-1
-1
3745128
11404126
633919
8063063
7004101
-1
6749628
4738424
6774255
10410844
6807092
-1
-1
-1
-1
-1
7882480
-1
-1
-1
5173514
-1
11051160
469760
-1
-1
-1
-1
6421290
10312357
8186227
4352622
-1
970519
3769788
-1
5247411
10041468
-1
-1
-1
-1
-1
-1
10057893
-1
-1
-1
4574285
-1
11814625
-1
-1
-1
198894
3810854
1339946
-1
-1
1692937
8260138
10304179
2784734
387706
7439238
7578795
3712354
-1
5025800
2784744
8112385
9893738
10878818
5592226
8998961
3375796
379506
-1
-1
-1
8629563
-1
-1
3490732
9680319
-1
3162375
5477313
10969136
1307144
9475099
2743717
-1
2891485
-1
215353
7151959
3851941
-1
-1
-1
3540004
11543779
1085515
-1
-1
11133334
7176597
6790775
-1
-1
5157187
4598976
3548223
-1
-1
8514673
-1
-1
5961677
-1
-1
10616183
478069
-1
-1
11773656
609416
-1
10493055
6643034
-1
8440808
5387061
4672879
469872
9557234
1298982
-1
-1
3720641
4344525
1397494
5296772
-1
-1
-1
-1
-1
-1
11552037
-1
-1
-1
2275871
937805
-1
-1
-1
-1
-1
-1
-1
-1
5502018
-1
-1
-1
-1
-1
-1
847522
-1
8719955
7349053
1701262
11396090
-1
2678136
2284105
-1
4319939
-1
1216939
8818473
-1
2817697
-1
4008004
-1
-1
-1
9319231
4607265
584857
-1
8079676
-1
4878168
1315463
-1
5641608
6158776
2054277
-1
-1
486361
10837910
847558
9442383
-1
-1
-1
-1
6717000
-1
5428189
987120
9278210
9483435
4139377
4705797
10123740
576677
-1
-1
9475236
7570748
1225193
11289428
4599093
-1
-1
-1
-1
-1
-1
4188651
-1
-1
11511082
6249114
-1
-1
-1
10074512
-1
642373
4689411
-1
-1
-1
-1
5945393
-1
5247630
-1
-1
-1
-1
-1
4779723
9573780
2037918
-1
-1
11207375
-1
-1
7406611
790157
-1
6618550
11773803
11667085
-1
-1
-1
-1
-1
-1
6881247
10115594
6421545
-1
-1
-1
2990187
3458101
-1
6076774
8966342
-1
5830507
3302136
-1
-1
-1
-1
-1
1003622
10846214
-1
-1
-1
7570827
-1
-1
4147677
-1
5535000
1972295
2399163
-1
2546928
8022332
-1
10616378
1693196
-1
8178308
-1
872300
-1
5896210
-1
3433512
-1
2136492
6314874
11642515
7989512
8588770
10501468
5953680
5436515
6667868
10370128
-1
-1
-1
-1
-1
-1
-1
-1
9401475
1225312
4508912
-1
8071621
8859685
-1
2858909
8104461
11437314
-1
-1
108899
-1
5658185
8621635
-1
-1
-1
9541047
-1
10320904
831301
-1
4771623
-1
3548484
-1
141751
-1
-1
560413
7078360
1635794
-1
-1
-1
10403010
-1
-1
10427640
4607460
-1
11667202
7792555
8219424
1644016
4155969
9951521
-1
-1
5001502
-1
-1
2982091
-1
7324654
-1
-1
10115717
8941831
4476136
-1
-1
-1
-1
-1
-1
5600776
-1
9918712
-1
9590354
10920213
-1
-1
379860
1824644
10624694
-1
4016451
-1
9532901
5469446
11338881
2399283
-1
7447820
6339606
3450038
10452317
-1
3540341
-1
-1
-1
-1
-1
-1
11265017
8252315
2801540
9779190
7858286
5518720
-1
3162741
-1
6528433
9311285
8835164
2522442
6528434
10567264
8137403
5017984
4164248
-1
4993360
7357553
-1
6298594
2136632
5748593
8654579
5182172
2350070
8720249
-1
-1
-1
-1
-1
7571001
-1
-1
9574000
-1
-1
-1
5707565
9968037
7382202
7094887
-1
-1
-1
-1
-1
-1
11806862
10419542
4065775
-1
7316543
3302343
11864330
5256084
-1
-1
-1
5559824
-1
-1
-1
-1
-1
-1
-1
-1
3491165
-1
-1
2046384
-1
-1
6725517
7439700
568768
6356113
-1
-1
-1
-1
-1
-1
10189725
-1
-1
-1
-1
-1
281468
-1
-1
-1
-1
-1
-1
-1
-1
-1
-1
-1
289689
7743462
11593483
355364
2095672
4090460
11215874
6093453
5083753
10099451
2555379
1619558
7078542
-1
3827782
8227807
-1
4722566
11749470
-1
-1
-1
-1
11839775
1118822
-1
11782315
-1
6389004
-1
-1
-1
-1
-1
-1
10452466
7144240
5518858
-1
-1
2777056
3130044
8638283
10427844
8523360
4894981
-1
6347978
4459909
109140
-1
248695
3450205
-1
7538290
1742736
3228567
10608457
-1
-1
11675632
322585
9492040
-1
-1
-1
-1
-1
2965891
8523385
3491268
9015924
9221149
954688
7464426
5699495
-1
174840
273349
3565159
-1
-1
10083108
8671160
-1
7998025
-1
-1
-1
-1
5527121
-1
-1
4656970
2194270
-1
1439045
-1
-1
7604007
-1
-1
11240597
4279366
7341324
7801029
11314482
2653988
-1
-1
-1
10600304
7160734
11035383
8145814
10665980
946523
7209993
9607022
3204002
-1
8277167
1890566
2342061
-1
3121919
-1
-1
3089086
10181662
8219712
-1
-1
2670432
5822689
10920479
-1
-1
9270473
-1
-1
-1
4443585
-1
10879443
-1
11462284
11864526
11109298
-1
6200319
-1
585365
7957048
355515
2374930
4673450
1874183
5945848
5157783
6774958
-1
2079413
5215252
7989895
-1
-1
-1
8621992
-1
-1
7119748
9524985
-1
11872762
445835
6446615
6832438
6692887
10871268
-1
-1
1504803
3524218
-1
3885416
-1
3598103
6446627
10977996
10222769
-1
7563055
2563775
4427219
8490675
-1
5305585
-1
-1
-1
-1
-1
-1
-1
-1
380194
-1
-1
-1
-1
8876514
-1
9254130
-1
-1
9894435
10822052
11610116
6725764
7119795
9270556
9032496
470509
7554875
724990
7423534
-1
-1
9442953
4361583
-1
1365300
-1
-1
-1
-1
-1
11872826
-1
-1
8950425
6142948
8925798
248888
2621290
11035515
-1
-1
-1
-1
9861634
11864631
3795185
-1
-1
2358613
-1
265320
3516085
10863140
7087002
7563125
-1
3163103
2801908
6463122
-1
1504889
-1
8367615
-1
4607895
-1
683995
5437007
-1
-1
-1
-1
3663868
-1
-1
-1
-1
8211659
7210162
5765379
-1
-1
8072111
-1
-1
3007161
-1
-1
-1
-1
2949703
-1
-1
6331814
6356442
437753
-1
8154216
11815431
4624348
2522844
10731846
-1
5987046
10682595
-1
1660906
7472879
-1
-1
4230327
8753486
-1
-1
-1
1619870
1718379
9377377
6619153
-1
-1
445989
-1
-1
-1
-1
-1
3746013
9960227
3163174
-1
-1
4156468
-1
3951245
-1
-1
2810197
9886356
10009492
954966
6299022
-1
10986367
7070675
7817694
1168404
-1
8564717
8548299
790794
7267697
2580356
-1
-1
-1
11093097
856475
9927421
10830412
3401267
9599064
-1
-1
-1
-1
5937855
8917722
10001312
-1
11364008
-1
-1
-1
-1
-1
3196059
-1
-1
5749061
6881903
-1
-1
-1
7095342
-1
-1
-1
10838650
11503579
-1
2662489
11117760
10362533
-1
6405797
4583400
3844591
634873
-1
-1
-1
-1
2949816
10674486
-1
-1
-1
-1
-1
-1
-1
-1
2564003
1940120
-1
-1
-1
-1
-1
-1
8868523
8860315
2999090
-1
-1
-1
8712558
9911073
6561801
7990169
1751330
3787161
4279703
922224
10863319
1931925
3622988
6479721
10354360
4017022
-1
-1
7719285
9927507
8244662
8408841
2908815
-1
-1
-1
8014817
-1
5445402
1620008
-1
-1
520006
-1
-1
-1
1070013
7473034
9188716
8884983
2071513
4616303
9804395
-1
9582754
-1
7079011
5330495
-1
9755148
5708111
1143909
9549926
9303655
11528297
9689482
6840960
6742446
6980515
10715606
520034
-1
-1
11799203
7037983
-1
-1
-1
2867816
-1
-1
6939483
10140994
5133505
5905150
9229798
-1
4411117
-1
930503
10329809
-1
-1
-1
10961906
-1
11618628
2137233
183493
1045439
8720852
8778319
3647695
10305195
10559671
4493225
6816371
-1
-1
-1
-1
6159658
-1
-1
1414859
-1
-1
-1
-1
3959654
-1
7070867
684266
-1
8195503
3245477
3179806
-1
-1
4189516
-1
-1
-1
6200725
1915628
-1
-1
-1
-1
-1
-1
-1
-1
-1
-1
-1
6980593
-1
11741815
2908931
3056695
-1
-1
-1
1767886
8532103
8605985
11864958
7522396
6430603
-1
8482855
-1
9829133
-1
-1
4591794
-1
9098537
7382857
-1
-1
-1
10847059
9492574
438048
11495571
2892542
8778396
9599291
8860488
3828372
-1
-1
-1
-1
5642566
-1
-1
-1
-1
-1
-1
10723944
-1
4345553
7982141
-1
-1
-1
-1
-1
2441072
5946316
-1
10247834
-1
-1
9648580
-1
-1
-1
11659789
8762012
-1
-1
-1
-1
-1
5667226
-1
-1
-1
2490347
-1
9607552
-1
-1
-1
3491851
-1
-1
470942
-1
-1
405273
3984398
-1
-1
6898596
-1
-1
2334395
-1
4747843
-1
8261297
6397855
856781
8088908
7309057
-1
4140385
5166511
7177716
9336684
-1
-1
-1
-1
-1
6192644
-1
-1
11791185
-1
-1
8778485
-1
4747868
1718748
-1
-1
-1
-1
-1
5798627
8343417
9829248
-1
-1
5987439
6233710
2449361
-1
-1
6611328
-1
-1
-1
-1
3844900
-1
7497907
-1
-1
-1
-1
-1
3574011
-1
-1
5691936
9024791
-1
1382214
-1
8220313
4895669
-1
8384496
-1
-1
8441962
-1
-1
-1
10305409
-1
-1
1628499
-1
11741989
2917315
6865845
7998688
-1
-1
9451684
-1
-1
-1
-1
-1
-1
4132259
10748714
5798688
9533782
5117340
6833020
-1
8827814
5618095
4961377
-1
-1
6627807
-1
-1
8712896
627032
-1
-1
-1
2318090
9615892
11758441
668084
2556155
8425587
4074820
3853180
5412884
4099444
6447225
11783078
2876306
10321878
11750245
7514401
8499481
1094951
5150207
-1
-1
-1
7974113
-1
6512913
7637547
1349453
-1
-1
-1
-1
6168142
8836068
9065921
5585306
7826364
2703948
3869622
-1
-1
-1
-1
-1
-1
-1
-1
6455472
3590532
-1
-1
-1
-1
6274880
6701749
-1
3886064
200223
-1
3204720
-1
-1
9459981
11865219
8204006
7801766
3738312
3155472
6143549
-1
-1
8433865
-1
5322656
-1
-1
-1
8696559
6824907
-1
-1
-1
-1
3237580
-1
-1
-1
11011507
2818925
10765238
4132365
4124160
-1
-1
-1
-1
11750326
-1
4723424
-1
9558527
-1
-1
643556
2843568
5601792
-1
-1
-1
-1
3089845
9271223
8039873
2104768
5117472
-1
-1
709242
2293579
-1
4526430
-1
-1
-1
11504084
8737652
-1
208503
3508522
-1
5486893
10724236
-1
-1
3557782
8105569
-1
-1
-1
-1
-1
-1
-1
6004073
-1
-1
8442149
10609326
-1
-1
-1
1480922
-1
1480924
7563794
-1
-1
52562
5856325
-1
-1
-1
7933207
-1
8048135
-1
1045860
-1
-1
6061562
-1
-1
4345884
-1
6061567
-1
7350382
1850353
6028735
-1
5445898
7095908
8401140
-1
8770547
2687679
5700383
3746642
-1
-1
-1
-1
-1
-1
-1
7383237
1530220
7210850
-1
6242190
11077292
-1
7473543
6808614
-1
-1
-1
-1
-1
5092940
-1
-1
7301164
-1
-1
2622037
-1
-1
-1
-1
2063830
7317591
5084744
9410888
-1
-1
-1
10395972
8762381
7604914
3845190
-1
-1
2720563
11816136
9156421
-1
-1
-1
5068343
-1
9804938
528769
-1
-1
8376576
-1
6184775
-1
10962415
8417626
-1
-1
-1
11159436
3221334
1177293
6660907
-1
2983277
11446757
972074
-1
-1
10609443
8926599
4345978
10469893
-1
-1
-1
-1
11307216
955668
-1
-1
-1
-1
-1
-1
-1
-1
1719114
7465415
-1
8926619
-1
3155694
8154976
8056467
-1
6743031
-1
-1
-1
-1
-1
-1
-1
-1
-1
10256493
479574
454949
9854255
6931852
3672878
5963192
11192326
8828133
-1
-1
6135586
-1
9468442
-1
6989326
6849774
7465450
-1
10683380
8409487
-1
5807237
-1
3910960
865422
-1
9772189
-1
-1
2318420
422142
3984849
10018465
5298291
10059512
8048308
8072932
2556489
11184149
7030396
3287093
2285592
7547560
1382605
-1
-1
-1
-1
-1
-1
9476689
7916980
11258043
-1
7276681
996797
6743097
5002791
11282677
3287112
-1
11159545
9780433
-1
7744604
-1
-1
-1
11085671
-1
11487914
5101312
2137865
1743831
-1
-1
-1
1866973
-1
-1
-1
-1
11011804
7358800
6562527
-1
-1
-1
-1
-1
-1
-1
-1
-1
-1
4600588
151310
-1
8327477
1325201
6308065
-1
1932670
-1
-1
-1
2753574
-1
9567046
4797618
10946160
10322276
-1
-1
-1
-1
5175239
9829742
8409586
8434213
-1
-1
-1
-1
-1
-1
553582
6644661
8828255
-1
-1
-1
1801356
-1
4879733
-1
-1
-1
6669299
-1
4403617
-1
4378992
-1
-1
2540179
10782015
10519329
8360362
1349877
3188695
11389487
6685729
3172275
6620061
-1
10732772
-1
-1
-1
11249943
-1
-1
-1
1292430
4822300
2137958
2614082
-1
2950653
4658126
-1
-1
-1
-1
2408865
-1
-1
110348
-1
61096
-1
-1
-1
-1
-1
7276813
11463404
-1
-1
3303661
10921614
9460413
6447711
10929826
11414158
5840247
3664864
11709684
-1
11676851
-1
2926059
-1
-1
-1
-1
8483557
-1
2121584
-1
10100734
11455220
-1
-1
-1
-1
11307463
4961907
-1
-1
-1
7859688
4707432
3049216
-1
6521625
9887316
-1
-1
-1
-1
4379082
-1
2646985
7547759
8828362
-1
-1
-1
9723149
-1
-1
-1
5602235
9263449
-1
-1
-1
-1
-1
10133610
3049244
2113417
-1
-1
-1
-1
-1
-1
-1
-1
1382827
9263468
11603032
7638088
3041046
-1
-1
-1
5577634
10347063
11332143
2384336
-1
-1
-1
-1
11209016
-1
9903787
-1
-1
11053050
3443307
-1
4518689
-1
-1
3443313
9082897
-1
-1
3287346
10872463
3517200
8459019
10535897
1760473
6899312
28380
6858266
8007527
10404551
9805303
2523920
586598
9189630
4830652
-1
1391084
-1
-1
-1
7301568
-1
-1
11553833
8023963
7974709
-1
-1
-1
28403
-1
-1
9682190
7203073
10757571
-1
-1
-1
5413516
2917981
8286668
-1
-1
-1
-1
-1
6341141
9074739
4559790
10535942
1038131
496333
4379193
5282187
5955323
-1
-1
1990382
-1
-1
-1
4264279
7424745
2376210
11808353
9961326
9378490
5216529
4551601
6989675
2926220
-1
4387425
-1
-1
8122523
-1
3574739
-1
-1
2409064
7974766
1194134
1366522
-1
9920304
767270
-1
10002397
8221045
168017
4018039
11808377
-1
6004620
-1
-1
-1
-1
6874779
-1
9173301
-1
2597894
299375
10076295
2261326
10232266
11430778
11094214
1144908
-1
-1
4584482
455356
10733024
5930758
-1
8418090
-1
102375
-1
9903923
-1
-1
-1
3098666
-1
-1
-1
340446
-1
8590493
-1
-1
6078542
-1
-1
-1
6234517
-1
1645688
1982258
2704651
3197192
-1
-1
11356941
3377794
-1
-1
1530772
10018879
-1
-1
4174074
-1
-1
11471878
-1
5840506
-1
10018889
2959150
-1
-1
9739787
-1
225558
-1
-1
-1
-1
10339051
4765140
-1
-1
5233057
-1
1670353
1005425
-1
-1
-1
5906202
-1
-1
-1
-1
-1
6735317
8089803
10150261
-1
7539803
1292755
1136784
11759232
1112159
2458433
8434589
9945042
-1
-1
-1
-1
7482352
4338305
1933068
4305472
8032359
1251724
-1
-1
8935353
-1
1161432
6152505
10158496
-1
-1
8869688
5159221
2458461
9649546
7219681
849500
-1
-1
10659258
-1
11028665
11045084
-1
11209266
8853284
-1
-1
6759992
10232400
7449548
-1
-1
1768925
-1
-1
-1
-1
-1
-1
-1
-1
7482398
-1
3837604
11488393
-1
-1
-1
-1
-1
-1
-1
-1
176400
11669001
-1
-1
11529451
-1
7695850
-1
9288398
-1
-1
1982391
-1
-1
8590639
6127940
2959267
9280196
-1
-1
1440606
5668242
11455588
3870473
86125
-1
-1
-1
-1
-1
8623491
-1
-1
-1
-1
3821231
-1
-1
10897392
8048869
8910816
7925736
2138391
-1
-1
242117
-1
3936169
6957082
10659340
-1
6045886
9518293
5668274
-1
-1
9485462
-1
11160100
-1
-1
-1
-1
-1
-1
-1
6267544
9715325
6431726
-1
-1
-1
6792926
-1
-1
2630966
5561580
-1
10618326
4272769
-1
-1
-1
9345936
-1
-1
5290693
8672802
1227240
8894446
7704143
143651
-1
1539187
-1
-1
-1
8894455
4765329
3345172
250381
3804879
8549682
307844
9157144
-1
8442969
521285
-1
1604875
-1
-1
9961640
8311632
3607874
5126540
-1
-1
-1
-1
2647429
2614594
7728802
5446700
1793697
6981786
8319854
-1
742949
-1
11078082
-1
-1
-1
9091508
-1
-1
8369119
-1
-1
-1
-1
-1
-1
-1
-1
-1
-1
-1
-1
-1
5939269
5594492
-1
11406466
3648962
2409403
5036284
7301969
11833337
7310181
-1
11324384
8180337
11619910
3517628
4617633
1678810
6940783
4173
-1
496722
4625850
-1
-1
-1
-1
7646767
-1
-1
10749772
4445260
4962429
10511711
6399002
9781111
9756489
3673621
10396793
86283
-1
-1
11546057
5931101
7720665
6801258
1875859
8311716
5881853
4396021
8640078
11201288
2319143
-1
11718458
-1
-1
-1
4281108
8262474
8049041
-1
-1
-1
143778
-1
-1
2466928
-1
-1
11693847
-1
-1
-1
-1
-1
-1
-1
-1
718423
2811719
6530397
3410976
9157277
7219956
-1
-1
-1
-1
5192338
10199829
-1
-1
-1
9108036
2122178
8886395
5734140
9222965
6234887
7482657
11669251
3780399
4067712
2860993
3304284
-1
-1
-1
-1
5200568
7687895
283379
5446840
9822235
-1
9190148
-1
-1
-1
3706540
8705821
-1
9748367
1966236
1982655
-1
7556568
8714038
8295379
-1
3534162
-1
4617752
6908063
-1
-1
-1
-1
-1
-1
-1
-1
-1
-1
3870745
3846119
3961045
7244646
-1
-1
-1
1186409
6620767
-1
-1
-1
4937927
5258078
-1
-1
10955128
-1
-1
-1
2376727
-1
10027517
-1
-1
-1
-1
2877483
7334971
9231251
1120758
9132741
6670044
-1
-1
-1
-1
-1
-1
-1
3394663
5422287
5529005
1555850
9863358
3320787
-1
-1
-1
-1
-1
-1
-1
-1
-1
-1
8320079
-1
-1
-1
-1
-1
-1
-1
-1
7614114
-1
-1
-1
10873091
-1
-1
2959618
4921570
882742
-1
8172337
-1
-1
-1
5135011
3542466
7597713
5356657
-1
-1
9042501
-1
-1
-1
-1
1014104
7285781
11283564
-1
-1
5734284
1777547
-1
1383517
-1
-1
-1
-1
-1
10856709
-1
9674615
6013402
185013
5414147
7408935
11168658
3509662
1120842
9206710
-1
-1
-1
-1
-1
4273107
2097723
5611176
808912
9748514
-1
-1
-1
-1
-1
-1
-1
-1
1079819
7909708
11800775
3969389
7737319
10922414
5405968
989527
11587346
11718692
6768666
-1
-1
8550022
4240298
-1
1982825
5274635
-1
-1
11587359
5176131
-1
-1
-1
5939572
9182128
-1
-1
-1
-1
-1
-1
4026883
-1
1383587
-1
5635851
-1
-1
-1
2303001
-1
808965
-1
-1
-1
-1
6177656
-1
1884351
-1
-1
-1
-1
2811973
-1
-1
6579907
2393317
8082156
10298586
1301523
-1
7548575
-1
1720187
-1
-1
-1
-1
-1
-1
4683643
-1
7606049
-1
-1
8476206
11497118
8197102
-1
7959043
-1
-1
-1
3181409
3542606
-1
2122451
10700857
7909796
1794094
8993387
5192622
7080693
3542615
669466
5520986
9067275
6768754
6965764
7368015
997827
11726988
11103113
11850132
4700093
1728438
7581455
7565039
10626981
3698602
-1
-1
-1
9953864
8755350
-1
-1
6883702
5282948
-1
-1
3427717
4026974
-1
9724023
7474757
-1
-1
-1
10651645
-1
-1
-1
2196379
-1
10191947
4215795
-1
-1
-1
6268050
5168045
9732250
4035204
-1
-1
-1
9485985
-1
7753888
-1
275491
-1
-1
5488209
-1
-1
9420323
2828496
603859
6144932
-1
5693442
-1
5044933
-1
-1
-1
-1
9108393
-1
8123315
193421
9937506
10922586
3321054
-1
-1
4930021
-1
-1
7031528
4634501
10881549
-1
-1
-1
-1
406872
10134538
-1
6424072
7203928
2680770
-1
-1
-1
-1
-1
-1
-1
2582270
2697197
11595753
8714396
8558426
-1
-1
-1
9436793
3764375
2574070
-1
300180
-1
-1
-1
-1
-1
10561436
-1
-1
-1
6268133
10774875
5890521
-1
-1
8074118
5159924
-1
5266643
-1
-1
-1
-1
-1
-1
-1
-1
3181566
-1
-1
-1
-1
-1
-1
-1
-1
-1
8049513
11037590
11546548
9026387
3353969
-1
-1
11324911
-1
6358468
10996553
10126401
2278597
-1
-1
2500244
11398801
11751789
-1
10832383
-1
3362195
3994289
2098010
11718960
4716682
-1
-1
2229360
4692060
3928624
5225647
-1
-1
-1
8156265
2730116
3378628
10430161
10824191
-1
-1
3928637
11702561
-1
-1
-1
9584643
-1
-1
8977180
-1
3395062
1843562
1293558
3731634
1892818
3386858
6547322
6563742
7212252
3321190
29381
5668966
8665252
9748841
6391361
9124953
3132375
7204055
-1
-1
3362246
-1
-1
11448114
-1
3025682
-1
11571253
2385383
-1
-1
1933891
10101847
-1
-1
-1
-1
-1
9847374
-1
-1
7163034
3986151
11136190
1704052
-1
-1
-1
-1
2229433
-1
6416025
8263050
6990655
11357846
1211519
-1
-1
-1
9519035
-1
3748110
6826486
7778731
5307821
7967539
1531685
-1
9412327
-1
-1
6432463
-1
7163066
-1
2360803
6292915
-1
-1
-1
-1
3567532
-1
1933943
6465312
-1
-1
-1
-1
-1
-1
9067572
-1
-1
10914600
-1
-1
3099635
-1
-1
-1
-1
-1
3083223
1030973
4618308
-1
-1
11382527
-1
-1
-1
-1
9535507
776505
-1
-1
-1
3674286
6489973
-1
-1
6046691
-1
-1
-1
7417598
645174
-1
6744463
10274334
3345939
5652669
875032
4495202
2024294
9026571
4626545
-1
8205675
10693002
1876538
2492214
95184
259368
10848979
11850474
3895958
3854905
1958636
9847486
6022091
-1
-1
1219831
11284066
7023596
-1
8419128
2475813
6046728
-1
11456462
-1
7171366
9141527
4815383
1342979
3042243
1884775
-1
-1
-1
-1
-1
-1
-1
-1
-1
751943
-1
-1
4946745
-1
7278103
-1
-1
1687777
-1
-1
-1
-1
10422158
6867661
-1
-1
-1
-1
-1
-1
1318385
-1
-1
-1
571370
-1
1679587
3485568
9190824
6736331
-1
-1
-1
-1
-1
-1
-1
-1
-1
-1
-1
-1
-1
-1
2122891
3740065
5677388
2927376
3370662
9831147
2878124
1835583
5381864
4552764
-1
6038595
-1
-1
-1
2705745
-1
-1
-1
6055021
7581896
-1
8961010
2976650
6194578
-1
8074442
10438635
9962514
54249
1055750
-1
-1
9937892
11210287
-1
-1
-1
1696061
-1
10348349
-1
-1
5997582
8271476
7212515
11768510
10742384
-1
-1
-1
-1
226664
7590138
3641610
8419249
275919
-1
-1
1105034
-1
-1
-1
11087182
8484930
202048
8977470
11489423
6514774
620711
-1
-1
2270725
2984909
1219975
809526
9790173
-1
5948363
-1
5669259
-1
-1
7081210
9691673
-1
-1
-1
144610
-1
-1
-1
-1
2081939
1630445
2287165
119991
-1
-1
-1
-1
1745378
-1
10258113
-1
-1
6145407
-1
-1
-1
4019280
11349918
-1
-1
1137925
6974525
-1
-1
-1
-1
-1
-1
8887229
-1
-1
-1
-1
4725271
1121520
-1
-1
9552167
-1
1376005
-1
-1
-1
3617066
-1
4019309
243169
8829785
1646908
6202907
-1
-1
7893964
2705877
-1
-1
4626786
-1
-1
7130534
2656629
3017827
11152947
1228267
11062650
4158879
2984991
-1
-1
1564842
1080512
-1
-1
-1
-1
-1
1556640
-1
4101432
-1
-1
2870085
7130556
10923116
5070098
10660430
10036543
-1
7770865
4552938
11653724
120079
-1
-1
-1
-1
-1
-1
5299966
3149208
3674585
5283551
-1
9979101
-1
8821634
10611197
5726842
3477578
4610421
6465654
4044002
10052990
9658956
-1
6892529
-1
-1
-1
-1
-1
10307479
-1
-1
-1
3124608
-1
-1
-1
2500728
5250744
7491802
-1
11070928
10332118
3354468
3091783
-1
949236
11645564
3149250
5300008
5718667
-1
-1
-1
-1
-1
-1
-1
-1
5160466
3444786
-1
9461985
-1
1417167
-1
8542581
-1
-1
4429875
-1
-1
2550017
-1
-1
-1
1868674
8123933
10824694
103742
-1
4856755
2328384
-1
-1
10397834
-1
-1
8632902
5152287
-1
-1
9667240
8912013
10570232
11432178
7680666
-1
-1
-1
-1
-1
-1
-1
1786612
-1
-1
-1
6285148
2763488
1589602
3617223
7147097
10791889
7721729
2509009
8715015
-1
-1
-1
6375459
-1
-1
-1
-1
11407581
9084435
514240
10750864
11711317
11859081
1253050
-1
4126206
-1
-1
-1
-1
-1
-1
4257557
-1
5020996
2295608
5456074
-1
10709837
-1
-1
-1
-1
-1
-1
-1
-1
1064271
8091176
5390416
-1
10603133
-1
-1
-1
-1
-1
-1
-1
-1
11341952
-1
8690447
-1
-1
-1
-1
-1
-1
-1
10824795
-1
9002399
-1
-1
-1
-1
-1
-1
-1
-1
-1
7787477
2706106
9141962
5398661
-1
-1
3494176
8830027
-1
-1
711329
6761363
-1
-1
-1
-1
2558360
9100934
7007640
-1
3108367
-1
-1
8025561
3091952
6137491
-1
-1
3461362
3781514
3198675
1088962
8378555
2427033
2065835
842692
227024
6539746
5357650
3371067
-1
-1
-1
-1
1794951
-1
5374077
-1
-1
11300978
5702440
-1
8411413
169578
-1
7647979
-1
-1
-1
7697237
-1
-1
10233821
-1
-1
11703235
-1
-1
-1
9971140
6876348
2845730
7647996
-1
-1
-1
-1
-1
-1
-1
1384537
-1
-1
6219641
-1
-1
5185310
-1
-1
-1
-1
-1
-1
11703263
-1
-1
-1
-1
7606977
-1
2960685
7565935
6580856
6433094
8345793
8616690
-1
-1
7820421
-1
-1
7500273
2049498
2583084
-1
-1
-1
-1
6589081
3059212
8280135
-1
10619704
4134595
-1
5095050
555474
-1
-1
3313701
8099549
-1
9445827
-1
7607013
-1
-1
5727155
11161514
-1
-1
11005546
11276444
-1
-1
-1
-1
7894341
10094354
10455551
-1
-1
-1
-1
-1
11005560
6736880
-1
-1
-1
9979440
4815980
7763011
6933904
-1
-1
-1
-1
9142130
9150339
3141353
-1
-1
-1
13728
2033143
6507049
-1
-1
-1
-1
-1
-1
9339161
-1
-1
-1
-1
10833204
9757825
-1
-1
11424256
-1
-1
7607074
-1
-1
3871982
1121967
-1
-1
1130180
10734711
8296637
6712303
1113763
-1
2985420
-1
5555
-1
1754074
-1
-1
-1
5948877
11678760
416013
-1
-1
-1
1811547
10135474
9314575
-1
7262327
-1
-1
-1
-1
-1
-1
-1
-1
8345924
-1
4027992
1532457
-1
1737684
6835474
11424306
-1
-1
-1
-1
-1
2985460
-1
-1
-1
9216095
-1
-1
-1
11465365
-1
-1
-1
6236236
1351882
6121312
2911592
-1
-1
11169851
-1
-1
-1
-1
-1
-1
11867623
-1
-1
7664618
-1
-1
10857922
9708663
4397441
1877278
875781
9339262
5300434
10619864
3346691
1606388
-1
7795976
10628081
8575831
-1
4298946
-1
-1
-1
-1
-1
-1
7820614
-1
-1
4159403
5004931
8296740
-1
-1
-1
-1
-1
4865385
3568363
-1
-1
-1
3092246
22080
1081043
2919860
-1
6909436
2722846
5423608
-1
-1
-1
-1
-1
-1
9511698
-1
1023594
-1
-1
11834850
4323615
-1
-1
-1
-1
3412422
-1
-1
-1
9643057
-1
2714663
-1
5998265
-1
-1
-1
-1
-1
-1
-1
1877355
-1
10940093
11161737
-1
-1
-1
4980364
2755725
2493039
169893
9872932
11161744
10636368
5489329
6827397
10661001
-1
-1
-1
7319942
1557225
10874441
11580415
2681861
8953537
9347571
-1
-1
-1
-1
4610983
-1
-1
-1
-1
6687865
-1
-1
-1
-1
3905019
-1
10890880
-1
8411764
-1
-1
-1
-1
-1
-1
-1
6581165
-1
10061783
9881186
-1
-1
-1
-1
8050584
11268513
3240112
-1
-1
-1
7500587
-1
-1
-1
7246112
4643860
2099071
-1
-1
-1
-1
-1
-1
-1
834893
6047608
186384
-1
-1
8863300
-1
10209578
8748377
9109574
8493900
38631
-1
-1
1581926
2706560
621474
-1
-1
8493909
10554369
3223732
145359
-1
5251359
-1
-1
-1
4266283
7746899
-1
9052133
457311
-1
-1
-1
-1
-1
1664040
-1
-1
2624496
-1
-1
-1
11358876
8132739
-1
637925
-1
-1
9602156
-1
-1
3043168
7361103
4898404
6843938
-1
-1
-1
4643930
11260385
10299932
-1
-1
-1
-1
10193221
-1
4512595
7870077
6540218
629741
11408159
-1
1311091
7164108
9126061
7459635
8633523
3470063
-1
-1
7861881
-1
-1
-1
3798430
-1
8888012
4840976
-1
-1
720061
5932776
334239
1664096
10989524
-1
-1
8592499
4044714
8116378
-1
-1
-1
1877543
7632052
11728344
3437254
-1
10382072
4430547
-1
-1
-1
-1
-1
-1
10037302
2230544
5456682
8723864
11744777
-1
350688
-1
6958935
-1
-1
-1
2288018
11326127
-1
-1
-1
2673846
-1
8428357
-1
4266396
-1
-1
-1
-1
-1
6179099
11867936
10644795
2049973
4742525
5875371
-1
-1
-1
-1
11547795
-1
-1
-1
-1
-1
7788079
-1
-1
7640320
9626899
7394052
7812712
974616
3806720
-1
-1
-1
-1
8346304
-1
-1
3790312
-1
-1
5776893
-1
613434
-1
7131382
-1
5588092
-1
211199
6080634
-1
6819447
8838861
-1
-1
5900043
-1
3716451
4003767
-1
-1
-1
6844085
-1
-1
-1
-1
-1
10094855
9881422
-1
7689621
8362760
2780640
-1
-1
11695618
-1
-1
-1
3724683
-1
8453069
3026921
-1
-1
7353067
4036632
1664232
7032916
63479
-1
-1
8584424
-1
5161273
-1
-1
-1
-1
1656035
-1
-1
7024724
-1
-1
-1
1992611
10324747
10538182
4693375
7147867
8510561
2600077
6679957
-1
-1
5703089
-1
1459038
-1
-1
5144882
4947866
-1
-1
9208341
7845648
-1
-1
-1
-1
71730
654569
-1
-1
-1
5547138
-1
-1
-1
2690410
-1
-1
-1
761299
7845667
11252403
2074741
-1
9471053
5481480
4471773
9741950
8773292
2764304
8321798
-1
-1
-1
-1
-1
-1
-1
8970318
3650886
-1
7279267
3691934
4135220
4726269
-1
-1
8986745
6811361
9257644
1237452
7172560
5005383
-1
-1
-1
11301692
3724785
1812088
7558390
8387501
3552397
-1
728507
-1
-1
-1
-1
-1
6433768
6244962
2985989
-1
-1
7747213
2715096
5407650
-1
10940518
9183792
-1
-1
-1
-1
-1
-1
4668850
6359904
2600183
1680777
2583768
-1
-1
-1
-1
-1
1040482
11506957
5826330
2107653
10825610
11277110
63617
-1
4718122
11137561
-1
-1
-1
-1
-1
3232300
-1
-1
-1
-1
7271133
-1
2641259
-1
-1
5744264
1943497
11613701
-1
9380855
-1
7033083
-1
-1
-1
9315189
-1
-1
-1
6909956
-1
-1
4521140
9742065
9019674
-1
-1
-1
7968926
-1
-1
-1
-1
-1
564414
2337559
433070
6031611
6097283
11071939
9536856
5120415
7533858
1311441
4389818
112924
6630877
9479396
-1
10735380
-1
-1
6425658
2821907
-1
2230862
5268192
572646
6359989
4751028
-1
-1
-1
-1
-1
-1
-1
10801070
11080177
3092820
-1
-1
10792866
6515978
-1
10858541
-1
2723424
-1
-1
6048072
-1
8551819
-1
5752552
-1
-1
-1
6327186
11769754
8494364
3872698
55514
11203337
9783180
7090629
6171221
11556328
1886126
-1
-1
-1
-1
11195138
-1
-1
-1
-1
47321
-1
-1
9906333
958524
4176452
5941389
2707042
3216003
-1
10324999
-1
-1
2009285
-1
-1
-1
-1
4504826
8904851
10054111
-1
-1
-1
1311531
613767
-1
1951836
-1
-1
-1
260786
10308603
4972754
-1
4316036
1303333
2551103
7624265
9857115
-1
-1
-1
-1
-1
-1
-1
-1
7591440
7903383
-1
10612355
9183990
6261587
7706372
-1
7878763
6171291
-1
-1
-1
-1
2501874
-1
10357889
11310133
-1
1040677
3421288
-1
4537714
10054162
11326559
8592962
-1
-1
-1
-1
8305653
-1
7115350
1352633
4472053
-1
6507888
5695197
-1
-1
-1
10415377
-1
3470565
-1
8781790
-1
-1
-1
-1
9028065
9331798
-1
-1
-1
6589997
-1
-1
2288484
-1
-1
-1
10160919
-1
11154210
-1
-1
-1
-1
-1
-1
10866902
-1
-1
3240744
-1
630284
6762408
1147452
4849713
507153
-1
-1
-1
4086281
-1
-1
-1
-1
-1
10850503
-1
-1
-1
-1
3331064
-1
-1
3503456
2813901
-1
-1
490757
-1
-1
-1
-1
2148980
-1
-1
-1
7862448
-1
3503471
228080
-1
778086
4020642
2157200
-1
2551234
4373633
-1
-1
-1
-1
10513970
-1
-1
-1
-1
-1
7082614
-1
-1
11720702
-1
-1
-1
-1
-1
-1
-1
3634845
-1
3618429
-1
-1
3142310
10866979
7985621
7361739
-1
2616939
6327408
11671467
1984847
9832654
-1
10013254
4061730
6877418
2559482
-1
-1
-1
10292367
5555775
5736374
9085647
737095
-1
-1
-1
5013988
6335638
236351
10612529
-1
3322939
-1
-1
1344573
9348349
-1
-1
-1
3831905
10752093
-1
1837121
4718481
9085668
1319954
1984883
-1
1705783
10489413
-1
-1
1837131
4176697
-1
802800
-1
-1
-1
-1
-1
11466297
-1
-1
3208046
-1
-1
-1
-1
-1
6992401
-1
3544623
4890900
-1
-1
1845364
5506579
7698383
7427485
-1
-1
-1
7772269
-1
-1
-1
-1
-1
-1
-1
-1
3552852
2493892
11179015
-1
-1
-1
4004353
-1
-1
10226778
-1
9487970
5900637
10177526
-1
-1
-1
10473056
-1
-1
11220078
47629
4726761
10678287
10456644
5465574
9373057
6893938
-1
2912579
-1
-1
-1
-1
2116311
9799936
3290198
-1
-1
-1
-1
-1
-1
9520838
-1
-1
-1
-1
11179061
4685743
-1
-1
-1
1090205
2510362
-1
-1
-1
-1
7279797
2707385
3052163
-1
786482
1270814
-1
-1
-1
-1
-1
3799192
-1
4849946
1574556
-1
-1
-1
2099936
-1
3249198
1829042
11425364
7649225
-1
7271613
-1
7838036
-1
170832
-1
-1
-1
-1
-1
-1
2140999
326810
-1
-1
-1
9217162
-1
-1
1730557
-1
7558949
310403
-1
-1
-1
4102965
10489567
-1
1902956
4546255
3503711
4825362
6138801
3561179
1016384
-1
901466
5260446
-1
2444761
-1
2420136
-1
1328341
10021673
6130607
8084349
10883621
3569398
138042
-1
2001487
2338056
-1
2116416
6097782
7345550
8010481
9939597
2551497
-1
6352267
3856732
9003776
-1
-1
-1
-1
-1
-1
-1
-1
-1
5794067
-1
11696340
9791852
-1
-1
-1
-1
5244072
-1
-1
1229874
-1
-1
8593350
-1
-1
-1
-1
3298550
901523
-1
2970193
-1
8059775
-1
-1
-1
-1
-1
10965767
11121739
5810516
1944078
1000045
-1
10809802
9463527
285866
6598587
-1
-1
-1
-1
-1
-1
-1
1320209
10497872
-1
261251
1944096
-1
10522504
11064299
-1
2247835
6015767
1065741
7608315
11655353
-1
6779209
4160539
-1
-1
3191880
10522518
-1
4546368
-1
-1
-1
5326227
-1
-1
-1
-1
5785936
1188897
11680000
11047908
-1
-1
712780
-1
4784446
-1
-1
1829209
11203887
-1
876968
-1
-1
-1
-1
-1
-1
7682236
-1
-1
-1
-1
-1
-1
-1
-1
-1
-1
-1
9028524
-1
7222546
-1
-1
-1
-1
7534493
-1
-1
-1
-1
6418074
7419572
-1
-1
-1
-1
-1
-1
10103923
-1
-1
2797916
9480042
3750162
2715828
9488252
3503895
1796424
3553151
-1
-1
-1
-1
6656158
2461360
3676291
-1
-1
-1
3963612
8092739
-1
-1
-1
-1
-1
5720345
-1
-1
5974827
-1
-1
10268137
4218105
-1
-1
6212895
8240518
5564386
5851699
6089760
-1
-1
-1
-1
2543481
6623355
-1
-1
-1
-1
2050947
1730796
441983
7723369
6368885
10719656
745716
9611443
2223338
-1
-1
4784555
11860713
-1
-1
-1
-1
-1
-1
2797985
3183809
3118138
10202504
3446500
4915910
8700257
-1
3364414
2921129
5145768
6639808
926345
540523
5974882
8560717
8577129
-1
-1
6270411
8027138
8339081
8199529
-1
-1
3528611
3290550
-1
-1
11195821
8823421
-1
-1
-1
-1
-1
6122666
2124884
1755480
-1
-1
-1
-1
6836856
8807017
-1
-1
-1
5646556
-1
-1
-1
-1
-1
8889117
146533
5531637
7821950
-1
9783903
10383161
7189861
-1
-1
9595101
4275670
-1
9036892
-1
-1
-1
7969726
-1
-1
2601043
6015988
2428656
-1
-1
-1
-1
-1
10883932
6098085
-1
1016717
2830907
-1
10514533
11171254
-1
-1
655528
-1
6073470
8281692
-1
-1
-1
-1
10095886
8371997
-1
4382425
11433957
10448877
2313758
-1
-1
-1
-1
-1
7731706
-1
4973484
-1
-1
9882469
-1
803317
5687673
8511570
-1
688395
7074998
4825731
8725009
2198854
-1
-1
1008553
8667551
8651134
-1
9398155
4480965
10572043
10022042
9086217
5383959
11236977
-1
-1
-1
1295882
2354844
1804842
-1
-1
-1
-1
-1
-1
-1
1747387
1665298
-1
-1
7953395
-1
-1
-1
1386199
8749673
11598195
5063833
6303394
-1
7288476
10366852
-1
-1
10875813
7173555
1599645
8478787
6024296
9537750
9874321
1657113
6910869
-1
9299695
-1
-1
-1
9619850
2732499
-1
4825797
5925803
9225822
7345961
-1
7772833
-1
7419848
-1
-1
-1
7879556
-1
-1
-1
-1
-1
-1
4973577
-1
-1
6163885
7674342
-1
-1
-1
-1
2535513
4013134
9513163
7411662
6681061
319088
631031
4743737
-1
-1
-1
-1
-1
-1
6484056
11179604
8306456
-1
-1
7896009
-1
-1
-1
-1
10235579
1936281
5761675
2010163
4357939
2059419
9570651
-1
-1
10851263
3290774
9644541
-1
2133309
-1
3561677
-1
3635560
-1
590023
1878836
2100481
7649763
-1
-1
8298280
-1
7707234
5499013
220627
9940085
-1
-1
-1
3873638
-1
-1
-1
-1
-1
2502741
2174381
6237838
6894559
3693050
-1
-1
3257976
-1
516172
2149763
5055751
3906492
8741593
286323
2092306
-1
-1
-1
1394545
-1
-1
6319948
5121435
4251282
-1
934848
-1
6081893
7937127
-1
-1
-1
-1
1722920
7986388
4095322
7214744
7337880
11023722
5540105
-1
688594
-1
-1
-1
4628918
-1
-1
-1
-1
-1
2708018
11836426
-1
11023738
6730432
-1
-1
-1
-1
-1
1493096
2790119
-1
-1
2576688
-1
-1
-1
-1
-1
-1
-1
-1
762508
885644
-1
-1
-1
-1
-1
6254336
-1
-1
7887930
-1
5343142
-1
3036415
7551366
-1
-1
-1
-1
11672289
163272
-1
9160338
-1
573726
-1
-1
11023786
9111089
1731198
7649890
-1
2683447
-1
-1
5211822
6180485
8799157
-1
-1
-1
-1
10243946
-1
-1
-1
5564820
10572311
467033
7674534
8257374
1755849
9693952
4308845
-1
-1
-1
11655909
-1
-1
7773055
8741718
3717809
8528283
795409
-1
-1
-1
-1
-1
1755868
1952884
-1
-1
-1
9480542
9267109
3619317
9767859
-1
-1
8766365
6755161
-1
5917845
-1
1394688
-1
-1
-1
-1
5999942
-1
-1
-1
-1
-1
-1
-1
-1
-1
-1
9669376
5999954
-1
-1
-1
-1
-1
-1
11672380
3446963
-1
-1
-1
-1
-1
-1
-1
-1
-1
-1
-1
-1
-1
-1
-1
-1
-1
2880560
-1
8060441
-1
-1
2658922
-1
-1
10900761
-1
-1
-1
5860439
1764149
8470901
8380605
787281
-1
-1
11541074
5400742
6919409
-1
-1
2790285
7067175
5203732
9579131
-1
-1
4785078
-1
1616406
1132076
3906718
5285831
11475419
3143285
9702273
11229151
-1
-1
11647814
-1
2995530
-1
-1
9439598
-1
-1
5647043
-1
-1
311196
-1
3972412
4177638
-1
7945571
-1
4883616
-1
-1
-1
6960497
-1
-1
1829875
5515717
4604518
1058229
2683615
-1
-1
-1
-1
1838093
-1
-1
3964227
2880640
1460484
11549344
1895562
9324709
6747084
-1
4678418
4415731
10342629
5162749
2420947
-1
4013495
-1
11385179
7732175
-1
7034412
-1
8832185
-1
4251565
4924704
1394833
2503051
7313526
9185179
3504552
56772
434388
8602344
5425461
7879954
7362787
4637392
-1
-1
-1
-1
-1
1591868
-1
631417
8544894
4842634
-1
-1
5918018
8208330
7625492
2470239
10629988
3816514
3455324
4744138
10244162
-1
-1
8306848
-1
2971000
10884476
9924024
-1
-1
10474031
-1
4013550
10843438
229203
-1
-1
-1
1944888
-1
-1
5376253
9415082
10104639
11549424
-1
8585977
-1
-1
-1
8052396
-1
-1
8027772
2864311
6558363
3898648
4916563
10991223
8479270
4358349
861323
9924060
2552379
385203
9768090
7748677
11344220
9579288
2732967
1091184
-1
-1
-1
-1
1854626
7198686
-1
-1
-1
-1
-1
-1
6960632
-1
-1
-1
6000183
73286
-1
-1
-1
-1
-1
6911389
4169583
-1
-1
-1
8454686
-1
-1
5548703
10153953
-1
-1
3980788
5967366
-1
2478544
-1
1542720
-1
5565132
10014411
11541286
-1
1591980
-1
2847959
-1
-1
-1
7953961
7469630
4021850
8380830
6919629
-1
9981590
-1
-1
442735
10326371
-1
656172
3184545
-1
-1
9817420
-1
24085
6369643
-1
-1
-1
-1
10260714
10564447
393497
1066637
7650256
4900240
5269648
4809941
-1
-1
-1
-1
-1
-1
11089837
2297999
4103980
738291
8265945
6353249
8709233
7133106
2848008
2618151
7018175
9546556
6443546
11171935
-1
-1
-1
-1
-1
-1
-1
8824174
-1
-1
10145826
7207005
-1
-1
5228639
-1
6336856
10112997
-1
9694340
4407745
4924913
1748030
6574922
9546581
8725678
-1
-1
6763736
-1
2109235
10285400
4736117
-1
-1
-1
10162270
11672726
-1
-1
-1
-1
-1
-1
-1
8339881
9398843
-1
5515988
9489144
-1
-1
10351093
-1
11877969
-1
-1
-1
-1
820451
-1
-1
-1
5762273
-1
-1
-1
10819021
-1
-1
-1
-1
6591391
3874213
-1
-1
-1
2478687
-1
32407
-1
7412300
2191377
10810827
11656356
1977945
3299595
3488399
10260830
6139909
-1
10695910
6698128
-1
10351135
-1
5983949
-1
-1
11336220
2486918
-1
-1
-1
-1
6131720
-1
7913075
6402620
8684722
10219807
-1
9226520
10876530
-1
-1
-1
6131732
3545897
4030230
2626491
-1
2905600
2166790
5064567
8405633
3529484
738429
-1
10646694
11048935
10876547
-1
-1
-1
5417567
-1
6969070
-1
11016109
-1
-1
-1
-1
2667561
-1
11689254
-1
-1
1559351
656362
-1
-1
6755652
11533291
1288460
5926546
-1
6591477
820551
-1
-1
2363846
-1
-1
10482550
8931049
3825053
2166836
-1
9579565
-1
11385547
8988520
7716125
8200458
-1
-1
4572083
6501199
-1
10876598
3734769
-1
5105674
10630332
-1
-1
-1
1748198
-1
-1
5516132
-1
6673603
6690022
-1
3455678
6378082
-1
-1
-1
-1
-1
3291505
-1
6648988
6222121
2733296
9883337
-1
-1
853440
8939305
10343044
8890054
-1
1066879
6788553
3250473
-1
-1
-1
-1
-1
6115422
5869153
-1
-1
-1
5212437
9218430
7453496
10523662
-1
-1
-1
-1
-1
7502757
-1
3447513
3053482
8569931
-1
4572150
5926636
4867676
-1
-1
-1
-1
4760964
7552025
2610207
-1
-1
-1
-1
4440820
4555747
3915446
3053502
-1
-1
10835637
1263944
-1
-1
615436
4752773
-1
-1
5499795
-1
935593
-1
6813239
4884125
-1
3266954
-1
-1
-1
-1
-1
-1
-1
-1
7781913
11820741
-1
2503529
3332639
8282665
270684
10622233
-1
-1
8414016
-1
-1
1091591
-1
-1
-1
2610260
-1
11164040
2716980
-1
-1
-1
7199098
9645380
-1
-1
-1
-1
-1
9678223
-1
-1
3488640
6534180
4211034
6205822
-1
-1
5549105
7084189
6271499
2446106
-1
8151363
7273001
5590157
-1
9333463
681178
-1
-1
8471522
-1
-1
2175222
8808095
-1
-1
7626002
8397649
8134960
-1
-1
-1
-1
-1
5245400
-1
-1
57315
1805832
5122270
-1
-1
4670778
7429003
-1
-1
-1
6911840
1231213
-1
-1
-1
8438719
9505890
5828259
8167823
-1
-1
-1
320025
-1
-1
886449
-1
-1
7699922
-1
10638746
7346937
3217812
4834984
-1
16305
147649
6255147
8282771
-1
7740979
4350663
3111105
-1
-1
-1
-1
5631273
9005173
-1
-1
7593228
7478303
-1
-1
-1
303641
-1
-1
7207413
-1
8077569
10417134
-1
9588028
11008185
-1
-1
-1
11517148
2134262
2142472
6509661
-1
-1
3455916
-1
11385812
5795484
4293238
2815618
1370836
7322357
2790992
2889503
-1
5458923
8512672
-1
-1
-1
1641743
7437298
11049258
-1
-1
-1
-1
5294755
180549
10359710
459657
-1
9111945
-1
-1
229810
5754468
-1
-1
-1
-1
-1
-1
-1
147729
-1
-1
-1
-1
-1
5155225
-1
-1
-1
-1
8061216
6870912
5820160
-1
11229894
8208983
426852
9350033
1272377
2667908
10770193
-1
1050742
6706744
3053740
6427640
-1
-1
-1
-1
10064232
1428365
