6 15
Graph of hashing
Linear|Quadratic|Double|Linear timed|Quadratic timed|Double timed
Sample Size(N)
Operations
01234560000
01234560000
loglog
2 4 8 16 32 64 128 256 512 1024 2048 4096 8192 16384 32768 
2 4 15 17 43 88 175 356 799 1499 3094 6194 12216 24666 48721 
2 4 13 17 45 82 177 349 739 1452 2873 5790 11708 23507 46483 
2 4 11 17 39 91 163 340 712 1382 2796 5679 11990 26423 53651 
2.51256e-06 2.36407e-06 8.33333e-06 2.84091e-06 2.31481e-06 4.78469e-06 5.68182e-06 5.52486e-06 3.0303e-05 1.96078e-05 7.69231e-05 0.000125 0.000333333 0.001 0.001 
0 0 0 1.05263e-06 0 1.68634e-06 2.77778e-06 4.83092e-06 9.34579e-06 2e-05 3.84615e-05 9.09091e-05 0.00025 0.0005 0.001 
0 3.92157e-06 4.13223e-06 0 3.125e-05 1.88679e-06 3.09598e-06 5.61798e-06 1.0989e-05 2.32558e-05 4.54545e-05 0.000111111 0.00025 0.0005 0.001 
