8 15
Sort Increments
Shell|Hibbard|Sedgewick|Roots|My2|My3|531|Increment|
Sample Size(N)
Operations
01234567890
01234567890
loglog
8 16 32 48 64 96 128 256 512 1024 2048 3072 4096 8192 16384 
24 80 199 442 654 1007 1519 5060 9567 30315 84217 140042 171335 564406 1116438 
18 59 177 297 457 779 1193 2869 6437 16561 38070 60273 88379 196071 437390 
17 53 165 292 447 717 1078 2752 6294 14311 32327 51860 72460 160378 351316 
26 92 219 426 613 1008 1376 3825 8571 21452 54240 93209 135914 366207 923904 
20 78 168 343 558 954 1175 4963 9615 23398 65405 107261 222564 716481 1179111 
40 162 373 799 1442 2708 5142 18855 70873 260379 1069794 2414721 4259904 16934662 67511167 
20 64 159 283 472 846 1437 4824 16201 57041 226863 507496 897890 3462461 13758697 
15 82 190 554 1000 2038 4220 16556 66040 249950 1045920 2379172 4208369 16822025 67269769 
