0  112303376
1  112965330
2  113508845
3  113635759
4  113752330
5  114195785
6  114276702
7  118633685
8  119203941
9  119799974
10  120871223
11  121531405
12  122641904
13  123773248
14  125767370
15  126905642
16  127575431
17  128944529
18  129125195
19  129737356
20  129840908
21  130672290
22  130740782
23  131248388
24  131450699
25  132658133
26  132892914
27  133725500
28  135664572
29  135761144
30  136366674
31  137434519
32  139177610
33  139548331
34  139649315
35  139672546
36  140651380
37  140722433
38  141693914
39  142220460
40  143176182
41  143223981
42  144745678
43  146650950
44  146920246
45  147309248
46  147357300
47  147380507
48  147500394
49  150462597
50  152738316
51  152996945
52  153496665
53  153832457
54  154509226
55  155416518
56  155712680
57  155910127
58  157998934
59  158604601
60  159918316
61  160789648
62  161542172
63  161636617
64  161772423
65  162243658
66  162523305
67  165535730
68  166190370
69  167160857
70  167703306
71  168187390
72  170904991
73  173224997
74  174137468
75  174406358
76  174416503
77  176354292
78  176835364
79  177726535
80  178142367
81  178145528
82  178951189
83  179726908
84  181377178
85  181423606
86  181618919
87  182325878
88  183142930
89  185483201
90  186200252
91  186407264
92  187267705
93  188594736
94  189411680
95  194330592
96  194675998
97  194725201
98  195228374
99  196931157
100  197903549
101  198300386
102  198945771
103  199456373
104  199540561
105  200659242
106  201736568
107  202601336
108  204698793
109  207146586
110  207463624
111  207623146
112  208754362
113  209234853
114  210457893
115  211410931
116  212290787
117  212445944
118  213125888
119  213199747
120  214917248
121  215931739
122  216240571
123  217293585
124  217534692
125  218119227
126  218592460
127  218923787
128  219309860
129  221934714
130  222207231
131  222316945
132  222435651
133  222591486
134  223726754
135  223759170
136  224158448
137  224386906
138  225798131
139  226334895
140  227723330
141  228561602
142  228738802
143  229573142
144  229979206
145  230864606
146  232171628
147  232173343
148  232616423
149  235187358
150  235202848
151  235637827
152  236246655
153  236366766
154  236541115
155  236983844
156  240581792
157  241637846
158  241943307
159  244199675
160  244238756
161  244577368
162  247454737
163  249191351
164  250849503
165  250902386
166  251360642
167  251997595
168  252263120
169  252681801
170  252682424
171  253309838
172  253621981
173  253866762
174  254168125
175  254714700
176  255139151
177  255276514
178  255675310
179  256309922
180  257154788
181  257987589
182  258744965
183  259256954
184  259605421
185  261616528
186  261644461
187  262707790
188  264280602
189  266201154
190  266255536
191  266725396
192  266764646
193  267619265
194  267664548
195  268145589
196  268421771
197  268637581
198  269623467
199  269915634
200  270620445
201  271221885
202  271376716
203  271735959
204  273391507
205  273814933
206  273869187
207  276248415
208  277293728
209  277614355
210  279150629
211  281797692
212  281953613
213  282670193
214  282831965
215  284511276
216  285680318
217  285866209
218  288114250
219  288291490
220  288688452
221  289112846
222  290658289
223  294191531
224  295171614
225  296525381
226  298213428
227  298306962
228  298570437
229  299178367
230  300235143
231  300294606
232  300931633
233  301898845
234  304172247
235  304739858
236  305147151
237  306664159
238  307695291
239  307822602
240  309766125
241  309993949
242  312205519
243  312312613
244  313313171
245  315562336
246  315684365
247  315923212
248  316315135
249  317707820
250  320306252
251  321308320
252  323686555
253  323776719
254  324478522
255  324505118
256  325550241
257  327442367
258  328162326
259  329918812
260  330967174
261  333850509
262  335841923
263  336428116
264  336835563
265  338877617
266  339975564
267  340897563
268  341698514
269  342889249
270  342994488
271  347239799
272  347254579
273  347406178
274  347548749
275  349770697
276  349844905
277  351162306
278  351427246
279  352306489
280  352962660
281  353410667
282  353872351
283  354186257
284  355384919
285  356278276
286  356608453
287  357238349
288  357285249
289  357393937
290  360200599
291  361149633
292  361958336
293  362932944
294  363612459
295  365395957
296  366162460
297  366317151
298  366688145
299  367664738
300  367725423
301  368396351
302  368425570
303  370762394
304  370839738
305  371199373
306  372546427
307  374324542
308  374779797
309  375969649
310  376211286
311  378180407
312  378598251
313  380260268
314  380926947
315  382302856
316  383969218
317  384453582
318  385297390
319  386245536
320  386415833
321  386834176
322  387595546
323  387601220
324  387677164
325  388297523
326  388443117
327  388754293
328  389129678
329  389192499
330  389576518
331  391919950
332  392232733
333  392233803
334  394461689
335  395776631
336  396210538
337  396594494
338  397933778
339  397992259
340  398441317
341  399388191
342  399692903
343  400194205
344  400306887
345  400786843
346  402750978
347  405766974
348  407700164
349  407873122
350  408337799
351  408565277
352  408997473
353  409731232
354  409847569
355  410382355
356  411185720
357  411341727
358  413142283
359  413416985
360  414269902
361  416614302
362  418146742
363  420436468
364  420815677
365  422600947
366  422712590
367  423307461
368  423918466
369  423942499
370  428212533
371  428761135
372  430294997
373  430398524
374  431963265
375  434319552
376  434646246
377  437469996
378  439550193
379  439743606
380  440537915
381  442499781
382  442739175
383  442996300
384  444676274
385  444906736
386  445242949
387  445554993
388  445644880
389  446952987
390  448338622
391  448710168
392  448943433
393  453136301
394  454856666
395  456384560
396  456472687
397  456899169
398  459889204
399  460364276
400  460991757
401  461223633
402  464167783
403  464682404
404  468357147
405  469836873
406  470886626
407  470908163
408  471450827
409  471467838
410  471512471
411  471651120
412  471840935
413  472234814
414  472328794
415  472368885
416  473255759
417  473843911
418  474317862
419  474673814
420  476982646
421  477530727
422  478279875
423  478326539
424  479859284
425  480452460
426  480615465
427  481740679
428  482440449
429  484414143
430  484845201
431  485392344
432  486329207
433  490584926
434  491543708
435  491897220
436  492555530
437  492706628
438  494497544
439  495265157
440  496510662
441  497985371
442  498379501
443  498654444
444  500122822
445  500166448
446  501234860
447  501237384
448  501511495
449  504737530
450  506458293
451  508596878
452  509405286
453  509425597
454  509574571
455  511413304
456  512232727
457  512244728
458  512956155
459  514327791
460  514674518
461  515190816
462  515252938
463  515590290
464  515634785
465  515988516
466  518331941
467  521148128
468  522842138
469  523176912
470  523267175
471  524525884
472  524757481
473  524975214
474  529271451
475  532706880
476  533232739
477  533526509
478  534503535
479  534764964
480  535227590
481  535338387
482  536793239
483  537808212
484  538130155
485  538317883
486  539736631
487  540744138
488  541435328
489  541480947
490  541697278
491  542675232
492  542738357
493  542990992
494  544623416
495  544853273
496  545823754
497  546117811
498  546419675
499  547604247
500  548919327
501  550321337
502  550771737
503  550785989
504  551884472
505  556365487
506  556820261
507  558137892
508  559889150
509  561176181
510  561755921
511  562434595
512  562737960
513  563664164
514  564800636
515  564928441
516  566439857
517  567112425
518  567491278
519  569463828
520  569651313
521  570459170
522  570903444
523  571127282
524  571834157
525  572283767
526  573355610
527  573886526
528  575696199
529  575865547
530  576848492
531  576895487
532  577625520
533  578183846
534  578191967
535  578204143
536  581715802
537  582366666
538  582701621
539  584152287
540  585139321
541  585757498
542  586292326
543  587948696
544  589658317
545  589780737
546  590231937
547  590453872
548  590461620
549  592283637
550  593111671
551  593591651
552  593736170
553  594330387
554  596451491
555  597561693
556  597586899
557  599232602
558  603760254
559  603777742
560  605602834
561  605642119
562  606369613
563  606440711
564  606635125
565  608166671
566  608490317
567  608691684
568  609310750
569  609722131
570  609762890
571  610943804
572  615876164
573  618320905
574  618527775
575  618608762
576  619567755
577  620285721
578  621570927
579  622655650
580  622805260
581  623739508
582  624501423
583  626771895
584  627535516
585  627698168
586  627924926
587  628255588
588  628456479
589  628516823
590  628571288
591  631313176
592  631528531
593  631659822
594  631975249
595  632639418
596  634376326
597  634667322
598  637291864
599  638141758
600  640378772
601  640547962
602  641639245
603  641701399
604  641789115
605  643226251
606  645201848
607  645915975
608  646222664
609  648124719
610  648654728
611  648791470
612  648868712
613  649984483
614  650931993
615  651144480
616  651195491
617  653111228
618  653694228
619  653863280
620  653928131
621  654499718
622  654681328
623  654892175
624  654894519
625  655170115
626  655291144
627  658372956
628  660169850
629  661742991
630  663287856
631  663831699
632  664304282
633  664737640
634  665563942
635  666115914
636  666725398
637  670477920
638  670718682
639  671551851
640  672511361
641  672529654
642  672710666
643  672728698
644  673236516
645  673754125
646  676633781
647  676750953
648  676866830
649  677684177
650  679837228
651  680424558
652  681255111
653  681778290
654  683335689
655  683387268
656  683393684
657  683632837
658  684927600
659  685297803
660  686515798
661  686914650
662  687492812
663  687828493
664  688253682
665  688740851
666  690759223
667  690771679
668  691578265
669  693262898
670  694254750
671  694522143
672  697584905
673  697936830
674  699397769
675  700786417
676  701877857
677  703539508
678  703590905
679  704284871
680  704743932
681  705405971
682  707986863
683  709425542
684  711194643
685  713438916
686  715287724
687  715697613
688  716362736
689  716492753
690  716576761
691  716661403
692  716673327
693  716980392
694  717259456
695  718282792
696  718592407
697  718804862
698  719573596
699  719655283
700  720405645
701  720501318
702  720506233
703  723280638
704  723517310
705  723830490
706  724135750
707  724562456
708  725702270
709  726367488
710  728224448
711  729794405
712  732670476
713  734399856
714  734972503
715  735733789
716  736769270
717  742518722
718  744254180
719  744535749
720  744809503
721  745176463
722  746200684
723  747130939
724  747945146
725  747983560
726  748146814
727  749372572
728  750449727
729  752295230
730  752367825
731  754120385
732  754579701
733  755798643
734  757768868
735  758192666
736  758838347
737  759437482
738  759618142
739  759954741
740  760816743
741  762285972
742  763524942
743  763797402
744  765444823
745  766646276
746  767415944
747  767904770
748  768199370
749  768288820
750  768921531
751  769625568
752  769631794
753  769825723
754  772545455
755  773295322
756  773784936
757  775858449
758  777900198
759  778273306
760  779887885
761  782259863
762  782305343
763  784619799
764  785234912
765  787121492
766  788237628
767  788726198
768  790204463
769  790953397
770  791427505
771  791537870
772  791954755
773  792520349
774  794520535
775  795498534
776  796555958
777  796557275
778  798344929
779  800656250
780  801527774
781  801650695
782  802263395
783  804883846
784  804908819
785  806153638
786  806269433
787  806987266
788  807891809
789  807898289
790  807907608
791  808117385
792  808119525
793  808329133
794  808606238
795  808970502
796  809220637
797  809391711
798  809502940
799  809550649
800  810335580
801  810408767
802  810444655
803  810475296
804  811627569
805  811739876
806  812626870
807  812815455
808  812843566
809  814480739
810  816436897
811  817347415
812  817780478
813  818149490
814  818258582
815  819347565
816  820302245
817  822742754
818  823504150
819  823563852
820  823667697
821  824552619
822  825680488
823  827534534
824  827867839
825  828153524
826  833533699
827  834394831
828  835418622
829  836172996
830  836875499
831  838404577
832  839383118
833  839825569
834  840162253
835  842487689
836  842705806
837  842913492
838  843601664
839  843604878
840  843619541
841  843663987
842  844359878
843  844637576
844  845754264
845  847752790
846  852327478
847  852997400
848  853526379
849  854743177
850  854844552
851  856139201
852  857683701
853  858686572
854  860420201
855  860709699
856  860898203
857  862190833
858  862293372
859  862866743
860  864411855
861  864803415
862  866379447
863  867449589
864  872701803
865  874692578
866  876151398
867  876298753
868  876655527
869  877766159
870  877803855
871  879141772
872  881553578
873  882202159
874  882548553
875  883137174
876  885669601
877  885998730
878  889186438
879  889320535
880  890814826
881  891151509
882  892828992
883  892886380
884  893350661
885  895184619
886  895349741
887  896217957
888  897808197
889  898321792
890  898450951
891  898769182
892  898857882
893  899628531
894  899946972
895  900349522
896  900526465
897  900562519
898  902396760
899  903404210
900  905230599
901  905322125
902  905380627
903  906847291
904  907855557
905  908424734
906  910173434
907  910237762
908  910250654
909  910502214
910  914255311
911  914458247
912  915345720
913  915759674
914  916396911
915  916824636
916  916857429
917  917464236
918  918830493
919  919246643
920  919280378
921  919878342
922  920521838
923  920548274
924  920670467
925  920834642
926  921477702
927  923390430
928  924284867
929  924310975
930  924917714
931  925925427
932  926899485
933  926929919
934  927950248
935  929516923
936  930459413
937  933765522
938  934558765
939  934870551
940  936629217
941  937121543
942  938326589
943  938429532
944  938713799
945  939206835
946  941910697
947  942306881
948  943230569
949  943732763
950  944615252
951  944673751
952  945117788
953  945680370
954  946596208
955  947232155
956  947250890
957  947522619
958  947885722
959  947921506
960  948554575
961  949716350
962  950338887
963  950831620
964  951748817
965  951984824
966  952473973
967  952477186
968  952845134
969  953264409
970  954543270
971  955394539
972  956716783
973  957694860
974  958300623
975  958862407
976  959608539
977  959608906
978  959802546
979  961411822
980  962368318
981  962818979
982  964141716
983  965769517
984  966785782
985  967472379
986  970302776
987  971224498
988  972644354
989  973759306
990  973964597
991  974995712
992  975994466
993  976903893
994  977137646
995  977665299
996  978255147
997  978776932
998  979720219
999  979909186
1000  980284921
1001  981270728
1002  981488881
1003  981968589
1004  982437810
1005  982658533
1006  983585158
1007  984254830
1008  984616271
1009  984621161
1010  984810926
1011  985581371
1012  985737807
1013  986774778
1014  986903696
1015  987381737
1016  989700580
1017  991284974
1018  992900640
1019  993502490
1020  994146988
1021  994159677
1022  995384690
1023  998164553
