0  111133636
1  124849463
2  135866268
3  138382444
4  154535969
5  156234728
6  165618847
7  166735483
8  181982756
9  182153447
10  182607629
11  183642924
12  189133816
13  189496228
14  220372265
15  226979370
16  229794501
17  231259945
18  231337237
19  231696483
20  234849790
21  251215284
22  256232192
23  264718346
24  272772384
25  299470629
26  309942841
27  333338979
28  333864859
29  338848774
30  339306881
31  341734399
32  344352591
33  348818593
34  361351931
35  375320518
36  377993287
37  389378154
38  390289237
39  391687561
40  399139470
41  399747587
42  406846958
43  407639579
44  412112985
45  418244149
46  422920672
47  424360690
48  428847825
49  442253602
50  446701819
51  459315355
52  466257765
53  468626876
54  475798400
55  480204997
56  486632527
57  500367996
58  517849486
59  531149139
60  538962811
61  542508139
62  549885614
63  564295817
64  571930946
65  578848213
66  580796875
67  590546761
68  592590577
69  597112797
70  604635869
71  618761718
72  622387712
73  623780330
74  627399751
75  632544469
76  636327388
77  657799425
78  658314347
79  664819239
80  674879696
81  696611145
82  703848479
83  711844175
84  721483625
85  725873888
86  727242871
87  736354774
88  750300411
89  758114757
90  761629260
91  761641424
92  762163905
93  762865414
94  766299656
95  768854265
96  769774955
97  775163644
98  777774365
99  779203930
100  783127240
101  795143320
102  799195415
103  807180534
104  807963408
105  822422870
106  828834580
107  833157859
108  837365236
109  848201665
110  861453814
111  868277423
112  879880850
113  899729282
114  906458571
115  917556603
116  922939532
117  924508326
118  926292704
119  933785605
120  940407418
121  957726746
122  958412654
123  974785977
124  986534372
125  989323793
126  991120766
127  993515606
