0  111135373
1  111295878
2  111512541
3  111520922
4  112961515
5  113248193
6  113735713
7  114297722
8  114327374
9  114752126
10  115640135
11  115689782
12  116257135
13  116402527
14  116592465
15  117131452
16  117476702
17  117487847
18  117629599
19  118324255
20  119487865
21  119665867
22  119701895
23  120293862
24  120341556
25  120601258
26  120685639
27  121635356
28  122119837
29  122397271
30  122442902
31  122586852
32  122779716
33  122834826
34  123353972
35  123434777
36  123654276
37  123825342
38  124247723
39  124490503
40  125270246
41  125328317
42  125495919
43  125611829
44  125922410
45  126125970
46  126127315
47  127690903
48  127802669
49  128138132
50  128367339
51  128556883
52  128697714
53  129467488
54  130226975
55  130411968
56  130443606
57  130985201
58  131875654
59  132308182
60  133506499
61  133848551
62  133896952
63  134334912
64  134491279
65  135547924
66  135616813
67  135619800
68  135630540
69  135692484
70  135841489
71  135850300
72  136508651
73  136829641
74  137432118
75  138208739
76  138334731
77  138463924
78  138470406
79  139485609
80  139975715
81  140496419
82  140688877
83  140977313
84  142158946
85  142616998
86  144128788
87  144138267
88  144818238
89  146497177
90  147282720
91  148491943
92  148877707
93  149180627
94  149638846
95  149717479
96  150580252
97  150737593
98  150813950
99  151115629
100  151528951
101  152263667
102  152774272
103  153659777
104  154142517
105  154547117
106  154612723
107  154799587
108  155126853
109  155525545
110  155757978
111  155914738
112  156157890
113  156261223
114  156791426
115  156824367
116  156909906
117  157128275
118  157513476
119  157514522
120  158641984
121  159420607
122  159772318
123  160304184
124  160329643
125  160620322
126  160892791
127  161260632
128  161657953
129  162777883
130  163406827
131  164542260
132  166119756
133  166205377
134  166612203
135  167635816
136  167809177
137  168205126
138  168248387
139  168532602
140  168553494
141  168953340
142  169346964
143  169511207
144  169828521
145  169925985
146  170232683
147  172310490
148  172926698
149  174635559
150  175684714
151  175696453
152  176179481
153  176207690
154  176491402
155  177195235
156  177220726
157  177261332
158  177603647
159  178587333
160  178630621
161  179669616
162  179719706
163  179879186
164  180374503
165  180593128
166  181310447
167  181614142
168  181712735
169  181926849
170  182357747
171  182805653
172  182878796
173  183155924
174  183190842
175  183197586
176  183285659
177  183295499
178  183812311
179  183993927
180  184162487
181  184723643
182  184803362
183  184966390
184  185317863
185  185642425
186  186657797
187  187163821
188  187422335
189  187596278
190  188131426
191  188513334
192  188660832
193  188863220
194  188943495
195  189595354
196  190524810
197  190530940
198  190819395
199  190985288
200  191168472
201  191631140
202  191739374
203  191751480
204  191995236
205  192442560
206  192729828
207  193159780
208  194267458
209  194362235
210  194486824
211  194784230
212  194837254
213  195879809
214  195946440
215  196170432
216  196856917
217  196873526
218  197202909
219  197248375
220  197265403
221  197527355
222  198649945
223  199372489
224  199417418
225  199859175
226  199882310
227  200277284
228  200537185
229  200665717
230  200816926
231  201225519
232  201229180
233  201499328
234  201753939
235  202670533
236  203460256
237  203580997
238  204510336
239  204711404
240  204913911
241  204917942
242  205403255
243  205539152
244  206157651
245  206371909
246  207188997
247  207409427
248  208395773
249  208522213
250  208620363
251  208855918
252  208918586
253  209288286
254  210223423
255  210338701
256  210704365
257  211200562
258  211312955
259  212457780
260  212573506
261  213884875
262  214309731
263  214692136
264  215518690
265  215536663
266  216899785
267  216903465
268  217434645
269  217731388
270  218822153
271  219345120
272  219378571
273  219577773
274  219605659
275  219884981
276  220156259
277  220204215
278  221203265
279  221929939
280  222275332
281  222344490
282  223314467
283  223962579
284  224165897
285  224580271
286  225298431
287  225543159
288  225681307
289  226790415
290  226868722
291  227394565
292  227418661
293  227507763
294  228456917
295  228650333
296  228756789
297  229245299
298  230687477
299  230968196
300  230976845
301  232195254
302  232535441
303  233909591
304  234502240
305  234895141
306  234954362
307  234998608
308  235949614
309  236773421
310  237735179
311  237943817
312  238195140
313  238469964
314  238481124
315  238705380
316  239776360
317  239972287
318  240144271
319  240248927
320  240901299
321  241328806
322  241548518
323  242527635
324  243201518
325  243792198
326  243804785
327  243820397
328  244387888
329  244458263
330  246435921
331  246475505
332  246838200
333  247149490
334  247409262
335  248521515
336  248536307
337  249354471
338  250748594
339  250849464
340  250955884
341  251799217
342  251917739
343  252195692
344  252305801
345  252360918
346  252404168
347  252908495
348  253581842
349  253666537
350  253711138
351  254134510
352  255811547
353  256227424
354  256997283
355  257409384
356  257606309
357  257835208
358  258610283
359  258870495
360  261640389
361  261999999
362  262437968
363  263117189
364  264183691
365  264277339
366  264696719
367  264768333
368  265497345
369  266330819
370  266944947
371  267446166
372  267468711
373  267646333
374  269288603
375  269619986
376  269622360
377  269673986
378  269711327
379  270164551
380  270258866
381  270755976
382  270910890
383  271216449
384  271397195
385  271755479
386  272308835
387  272494926
388  272571703
389  273563129
390  273620255
391  273809554
392  273938848
393  274129253
394  274133986
395  274164404
396  274284412
397  274435578
398  275383970
399  276431606
400  276773971
401  276936807
402  277231663
403  277293256
404  277663381
405  277768633
406  278611215
407  278989831
408  278995738
409  279164920
410  279270290
411  279314113
412  279326422
413  279625884
414  279937414
415  279990990
416  280371861
417  280720221
418  281247861
419  281370307
420  282713644
421  283580665
422  283595602
423  284187728
424  284223495
425  284237506
426  284266324
427  284814124
428  284945842
429  284947459
430  285424447
431  285932571
432  286845590
433  288409884
434  289196546
435  289302218
436  289929842
437  290407815
438  291112465
439  291968494
440  292931872
441  293380294
442  293720286
443  294589233
444  294759341
445  295337628
446  295496263
447  295698686
448  296233874
449  297190647
450  297236658
451  297362414
452  297445138
453  297446415
454  297479965
455  297591279
456  297813453
457  297959577
458  298904984
459  298942188
460  299254787
461  300428460
462  300687976
463  300986537
464  301639157
465  301700309
466  301806251
467  302142740
468  303474216
469  303571531
470  303700774
471  304268737
472  304510438
473  305610869
474  306122753
475  306127376
476  306587417
477  306855472
478  307224825
479  307705553
480  307903869
481  308530189
482  308643786
483  308680822
484  308892741
485  309257950
486  309271182
487  309844160
488  310392924
489  311900203
490  312271688
491  313229510
492  314264327
493  314933647
494  315269722
495  315284112
496  316452241
497  316710745
498  316792292
499  317310152
500  317432955
501  317563222
502  317874454
503  317941505
504  318605844
505  319121379
506  321666773
507  322609812
508  322828268
509  323499159
510  323787844
511  324327440
512  325526877
513  325547917
514  325663952
515  325908926
516  326119747
517  326493215
518  326636751
519  326662525
520  326733948
521  327512803
522  327595147
523  328313803
524  328586611
525  329162849
526  329379336
527  329557802
528  329803848
529  330291136
530  330643583
531  331395210
532  333750160
533  334701618
534  335424129
535  335457139
536  335483701
537  336183735
538  336935269
539  337875158
540  338383207
541  338515803
542  338967278
543  339886338
544  340181809
545  340440425
546  340944271
547  342485223
548  342527432
549  342720350
550  343596817
551  343858236
552  343938471
553  344151807
554  344829598
555  345114202
556  345228255
557  346121393
558  346124765
559  346202236
560  346716949
561  346894428
562  348618637
563  348722773
564  349903254
565  350299176
566  350411862
567  350786359
568  350957500
569  351434636
570  351662542
571  352165547
572  352175414
573  352575808
574  353515767
575  354665784
576  354684264
577  355154898
578  355619312
579  356451620
580  356690428
581  356843420
582  357588773
583  358923804
584  359393371
585  359491864
586  359701709
587  360174115
588  360621661
589  360957823
590  361999589
591  363133856
592  363646469
593  364433402
594  364774862
595  364854173
596  364972923
597  365122923
598  365477664
599  365497905
600  366287787
601  366724953
602  367984474
603  368259727
604  368473197
605  368540362
606  368575244
607  368577301
608  368612401
609  369531802
610  369555965
611  369654197
612  370601227
613  370997216
614  371241197
615  371288762
616  371304335
617  372740867
618  372874798
619  372946720
620  373867516
621  374534309
622  374872969
623  375777783
624  375789977
625  375822677
626  376505249
627  376523332
628  376808172
629  376893760
630  377629498
631  378276460
632  378970674
633  380114726
634  380157490
635  380721801
636  381514860
637  381695596
638  381743922
639  382909264
640  383565789
641  383606127
642  383762803
643  383948842
644  384879820
645  385303145
646  385459447
647  387125640
648  387353599
649  387516811
650  387790957
651  388344550
652  388827261
653  391164906
654  391608190
655  391779560
656  392395434
657  393301912
658  393353649
659  393401908
660  393969833
661  394383969
662  395776731
663  396226306
664  396296285
665  396904454
666  397372794
667  397688700
668  398206929
669  398268885
670  399240442
671  399384694
672  400885168
673  401891206
674  402347302
675  403635181
676  404342286
677  404614293
678  404722209
679  404760619
680  405235171
681  405479640
682  405619483
683  406198835
684  406395477
685  406676315
686  407716827
687  408520584
688  411445821
689  411667469
690  412161887
691  412201640
692  412216111
693  412404535
694  413136864
695  413180579
696  413291351
697  413505280
698  413963458
699  414841786
700  415123763
701  416396331
702  417564429
703  417774513
704  418129241
705  418217966
706  418565611
707  418637129
708  420243834
709  420829376
710  422631713
711  423762892
712  423842917
713  424368688
714  424555259
715  426227728
716  426502717
717  427215411
718  427651422
719  427925523
720  428213192
721  428320359
722  428977990
723  429154885
724  429246993
725  429289410
726  429580133
727  429762856
728  433417853
729  434248142
730  434465115
731  434819155
732  435183904
733  435727254
734  435850652
735  435881149
736  435882466
737  436222991
738  436720423
739  437161163
740  437396638
741  437508506
742  437706755
743  438206289
744  438452516
745  438464593
746  439121713
747  439483938
748  440653230
749  440873378
750  442227575
751  442425685
752  442621853
753  442868994
754  444848758
755  444981342
756  444991726
757  446188918
758  446416825
759  447271366
760  447332968
761  447371658
762  448869909
763  449165114
764  449821378
765  449897637
766  449948858
767  450284111
768  450603640
769  451670537
770  452256958
771  452267324
772  452296381
773  452364222
774  452964277
775  453118376
776  453646624
777  454289620
778  454319867
779  454327836
780  454353846
781  454832825
782  455721893
783  455722653
784  456254579
785  456422422
786  457390408
787  458326304
788  458413829
789  458582165
790  458879802
791  460871788
792  461514510
793  461878560
794  462677702
795  462948740
796  464465472
797  465967589
798  466414271
799  466485304
800  466515217
801  466791692
802  467566220
803  467736596
804  467854680
805  468480766
806  468538140
807  469482114
808  469594976
809  469662949
810  469918234
811  470143528
812  470393355
813  471314231
814  471356373
815  472227472
816  472266310
817  472701876
818  473394594
819  473576359
820  473947450
821  473977368
822  474113561
823  474344339
824  474385455
825  474506926
826  474631535
827  474704158
828  474975870
829  475564478
830  475612673
831  475668295
832  476784850
833  476899790
834  476991531
835  477132677
836  477426203
837  477929960
838  478474681
839  479862911
840  480469949
841  480523455
842  480722750
843  481211215
844  482330362
845  482758553
846  483771452
847  483916230
848  483920796
849  484248506
850  484709710
851  484782169
852  484818298
853  484980316
854  485778142
855  486325398
856  486697548
857  486928772
858  486938953
859  487317778
860  487526261
861  487530262
862  487694471
863  487737141
864  488155669
865  488420937
866  488986420
867  489147911
868  489522410
869  489888654
870  490122876
871  490147241
872  490348217
873  490481744
874  490514832
875  490563476
876  490906378
877  491588700
878  491959500
879  492600208
880  492661761
881  493330583
882  493900976
883  493945619
884  494469388
885  494662635
886  495771820
887  495864298
888  496220467
889  496753806
890  496814959
891  497247456
892  497312555
893  497678396
894  498143839
895  498193376
896  498596275
897  498776760
898  498779132
899  498907974
900  499261210
901  499624509
902  501117121
903  501521257
904  502481667
905  503460406
906  503876781
907  504256398
908  504387214
909  504595778
910  504644801
911  504700651
912  504919907
913  505607159
914  505658247
915  505665241
916  505898158
917  506803250
918  506876198
919  507414114
920  507842323
921  508165940
922  509226653
923  509514210
924  509800693
925  510183188
926  510221383
927  511233902
928  511471659
929  511990210
930  512271985
931  512474156
932  513316623
933  513455869
934  513561438
935  514343354
936  514380674
937  514591249
938  515755454
939  516811470
940  516874696
941  516969224
942  519565543
943  519864976
944  520208928
945  520272404
946  520498588
947  520985903
948  520996998
949  521642258
950  521851552
951  522223306
952  522502800
953  522885335
954  523921712
955  524214913
956  524278775
957  524798755
958  525418360
959  525590954
960  525637676
961  525942551
962  526136602
963  526210493
964  526645916
965  526897250
966  528215969
967  528849161
968  529308142
969  529679781
970  530935709
971  531176834
972  531187461
973  531295644
974  532251900
975  533198722
976  533383276
977  533471995
978  534215705
979  534263830
980  534595824
981  535436363
982  535575952
983  537161436
984  537257151
985  537826974
986  538188756
987  538901439
988  539350202
989  539448519
990  539737397
991  540203439
992  540224460
993  541247169
994  542337810
995  542340909
996  542407905
997  543429968
998  543847230
999  543854164
1000  544470896
1001  544821668
1002  544921448
1003  545513909
1004  545734238
1005  545770848
1006  546889530
1007  547583584
1008  548227280
1009  548869641
1010  548993442
1011  549233626
1012  549540257
1013  550249139
1014  551189198
1015  551296901
1016  552288340
1017  553203977
1018  553633531
1019  553688537
1020  554239600
1021  555376865
1022  555585498
1023  555945490
1024  555971301
1025  556271529
1026  556712718
1027  556798490
1028  557268621
1029  557286986
1030  557304441
1031  557541686
1032  557783810
1033  557898121
1034  558265201
1035  560144656
1036  560780624
1037  560859564
1038  561162339
1039  561340789
1040  561544442
1041  561985347
1042  563152498
1043  563171253
1044  563527936
1045  564636981
1046  564712281
1047  566296425
1048  566641704
1049  566670707
1050  566746550
1051  566761875
1052  567389213
1053  567532751
1054  567602892
1055  567796226
1056  567951632
1057  569114886
1058  569371618
1059  570163647
1060  570654624
1061  571152319
1062  571321716
1063  571627586
1064  571687425
1065  572387749
1066  572448635
1067  572539974
1068  573603744
1069  573792449
1070  573989522
1071  574134153
1072  575556535
1073  575763937
1074  575860408
1075  575882789
1076  575929583
1077  575999290
1078  577538877
1079  577662310
1080  579362393
1081  579926238
1082  580151542
1083  580461969
1084  581309139
1085  581608115
1086  583407447
1087  583655285
1088  584710180
1089  585318597
1090  585532319
1091  587425938
1092  587473211
1093  588610199
1094  588714190
1095  588820816
1096  588856663
1097  589532360
1098  589677542
1099  590676998
1100  590742429
1101  591227735
1102  591447427
1103  591717682
1104  592563708
1105  592685356
1106  593160473
1107  593203320
1108  594321961
1109  594527224
1110  594688284
1111  594950501
1112  595281140
1113  595801897
1114  596274777
1115  596312756
1116  596591782
1117  596860804
1118  596895536
1119  596905954
1120  596962732
1121  597287847
1122  598151223
1123  598214987
1124  598259174
1125  598591278
1126  599350741
1127  600657278
1128  600713848
1129  600739823
1130  601954288
1131  602231918
1132  602588409
1133  602772867
1134  602813406
1135  603247440
1136  603534166
1137  603651910
1138  604135630
1139  604749505
1140  605581970
1141  605865482
1142  606408321
1143  606924545
1144  607171973
1145  607358990
1146  607488286
1147  607734493
1148  607810255
1149  608601664
1150  608751664
1151  608996676
1152  609428746
1153  609667538
1154  609694614
1155  609704853
1156  609975780
1157  610458403
1158  611782543
1159  612281875
1160  613264302
1161  613272433
1162  613424155
1163  613577489
1164  613618844
1165  613768759
1166  613947680
1167  614378474
1168  614735879
1169  614859625
1170  615379367
1171  615595597
1172  616805871
1173  617121434
1174  617185705
1175  617776992
1176  618199699
1177  618285359
1178  619195200
1179  619240775
1180  619811122
1181  619829184
1182  620236560
1183  621776719
1184  621798615
1185  622135142
1186  622508476
1187  623220219
1188  623852905
1189  624333188
1190  624722939
1191  625488409
1192  625535599
1193  627493527
1194  627654855
1195  627782638
1196  628704834
1197  628728920
1198  628745917
1199  628875920
1200  629377555
1201  629977392
1202  630132343
1203  630729854
1204  630817728
1205  631162618
1206  631463792
1207  631842347
1208  632331725
1209  632500648
1210  632608189
1211  632878545
1212  634575337
1213  634976415
1214  635232564
1215  635459884
1216  636283784
1217  636546764
1218  636573211
1219  637245683
1220  638419177
1221  638649242
1222  638789822
1223  639368413
1224  640331943
1225  640561359
1226  640899790
1227  641230169
1228  641361201
1229  642683608
1230  642753154
1231  642861208
1232  642875864
1233  642903393
1234  643259723
1235  643284636
1236  643610494
1237  643694704
1238  644344720
1239  644395709
1240  645154147
1241  645353567
1242  645571141
1243  646371145
1244  646941953
1245  647199757
1246  647898856
1247  648212704
1248  648416343
1249  649441448
1250  649608892
1251  650314651
1252  650433120
1253  650639631
1254  651274232
1255  652133540
1256  652175632
1257  652614768
1258  652753194
1259  652777425
1260  653224465
1261  653341453
1262  653444193
1263  653466903
1264  653736729
1265  654355865
1266  654632532
1267  654672359
1268  655632911
1269  655804746
1270  656358122
1271  656946775
1272  657470327
1273  657727959
1274  658254551
1275  658947567
1276  660609563
1277  660717125
1278  660883278
1279  661190745
1280  661315934
1281  661488606
1282  662203971
1283  662254902
1284  662694166
1285  663482389
1286  663668180
1287  664178507
1288  664361502
1289  664423774
1290  665283795
1291  666135750
1292  666370524
1293  666664764
1294  667561920
1295  667659796
1296  667791977
1297  668866735
1298  668960804
1299  669884697
1300  670236899
1301  670773482
1302  670800700
1303  671287919
1304  672542559
1305  672567599
1306  672599712
1307  673536291
1308  673679649
1309  674282253
1310  674533602
1311  674917314
1312  675865788
1313  676145474
1314  676909241
1315  676996127
1316  677145256
1317  678178628
1318  678785882
1319  679879878
1320  680722398
1321  681361188
1322  682215184
1323  682295612
1324  684487761
1325  685463793
1326  687135546
1327  687253489
1328  687745764
1329  687777133
1330  688131737
1331  688734128
1332  688838998
1333  689116505
1334  689390621
1335  689434808
1336  689466951
1337  690937498
1338  692137181
1339  692573249
1340  692705280
1341  693167674
1342  693451512
1343  693653967
1344  694383719
1345  694556543
1346  694582131
1347  695276396
1348  695490692
1349  696411292
1350  696529603
1351  696717410
1352  698827787
1353  698898373
1354  699997970
1355  700449512
1356  701513366
1357  701574750
1358  701772751
1359  701942462
1360  703153288
1361  703168183
1362  704857745
1363  705140158
1364  705268635
1365  705432611
1366  705591324
1367  705861269
1368  706754942
1369  708386201
1370  708826166
1371  709269398
1372  709312191
1373  709330138
1374  710240122
1375  710290156
1376  710317594
1377  710487850
1378  711496316
1379  711670864
1380  711969998
1381  712190837
1382  712466735
1383  712622979
1384  714726400
1385  715313319
1386  715411577
1387  715693979
1388  716615377
1389  716934656
1390  717112892
1391  717671519
1392  717714451
1393  717829245
1394  717887668
1395  718204980
1396  718289540
1397  718665729
1398  719248582
1399  719840364
1400  721389979
1401  721458863
1402  721494375
1403  721664224
1404  721703543
1405  721992361
1406  722236286
1407  722890884
1408  723734201
1409  723991371
1410  724343528
1411  724786636
1412  725235145
1413  726145974
1414  726255747
1415  726345458
1416  727306879
1417  727904842
1418  727943200
1419  728843147
1420  729115129
1421  729257697
1422  729398285
1423  729848127
1424  729872644
1425  730529813
1426  730631192
1427  731463427
1428  732152469
1429  732760119
1430  732760627
1431  733549462
1432  734122446
1433  734901353
1434  736482425
1435  736490483
1436  736889426
1437  736955934
1438  737190848
1439  738799911
1440  738874302
1441  739239119
1442  739810505
1443  740806981
1444  740827193
1445  741145581
1446  741368980
1447  741534851
1448  741674141
1449  741997932
1450  742205112
1451  743395487
1452  744192810
1453  745349875
1454  746320205
1455  746352967
1456  746581391
1457  746937330
1458  747416742
1459  747482462
1460  747792641
1461  747803946
1462  747950328
1463  748169368
1464  748297449
1465  748527240
1466  749547903
1467  749942656
1468  749942713
1469  750856298
1470  750882572
1471  750942891
1472  750974692
1473  751205450
1474  752405962
1475  752435661
1476  752481349
1477  752621525
1478  753120282
1479  753243860
1480  753331909
1481  753350701
1482  753514345
1483  755124204
1484  755137228
1485  755287570
1486  756634664
1487  756669361
1488  756802794
1489  758436273
1490  758502309
1491  758681598
1492  759737792
1493  760252569
1494  760510338
1495  760762202
1496  760766831
1497  761651692
1498  761758590
1499  761913792
1500  762669689
1501  763726744
1502  764278782
1503  764323704
1504  764363906
1505  764630279
1506  764969786
1507  765344825
1508  765352428
1509  765548995
1510  765744284
1511  765889151
1512  766222527
1513  766343304
1514  766894743
1515  767234318
1516  767274993
1517  767882427
1518  768717177
1519  768736908
1520  768802700
1521  769404244
1522  769527384
1523  769539394
1524  770486718
1525  770534961
1526  770914632
1527  772302554
1528  772468381
1529  772704915
1530  773423283
1531  774531552
1532  775943293
1533  776124559
1534  776260586
1535  776385137
1536  777543674
1537  777744806
1538  777846599
1539  778594412
1540  779129870
1541  779235501
1542  779704874
1543  779902459
1544  782411767
1545  782654182
1546  782736606
1547  783207917
1548  783467907
1549  783674725
1550  784202254
1551  784465130
1552  784965984
1553  784986809
1554  785112163
1555  785239357
1556  785276596
1557  785388907
1558  785693738
1559  786222807
1560  786860532
1561  787741525
1562  788484647
1563  788641440
1564  789143258
1565  789257705
1566  789993306
1567  790111698
1568  790297651
1569  790786935
1570  791168527
1571  792160694
1572  792622191
1573  792889547
1574  793539227
1575  793906217
1576  794871639
1577  794998197
1578  795242378
1579  795449795
1580  795552618
1581  795557163
1582  796642704
1583  796777580
1584  797475309
1585  797500390
1586  799273422
1587  799484947
1588  799487292
1589  799733792
1590  800599503
1591  800806936
1592  801677712
1593  801857375
1594  801929560
1595  802583874
1596  803204390
1597  803725148
1598  804556165
1599  804814983
1600  804844127
1601  804875631
1602  804931650
1603  805153181
1604  805467526
1605  805472490
1606  806166827
1607  806655184
1608  806717464
1609  806936585
1610  807507809
1611  807817503
1612  807838511
1613  808234206
1614  808825769
1615  808960552
1616  809704814
1617  810847573
1618  811664961
1619  812639798
1620  813952329
1621  814585326
1622  814878728
1623  815572617
1624  815752634
1625  815818267
1626  816406179
1627  816745755
1628  817138813
1629  817933368
1630  818503956
1631  818773632
1632  819120890
1633  819189736
1634  819714222
1635  819839656
1636  820338975
1637  820566896
1638  820598355
1639  820876965
1640  821846550
1641  822489745
1642  823268150
1643  824120291
1644  824920889
1645  825154204
1646  825922475
1647  826173369
1648  826455779
1649  826573265
1650  826842399
1651  827324225
1652  827810391
1653  828296929
1654  828354742
1655  828456401
1656  828740596
1657  828801399
1658  828844607
1659  829169211
1660  829425878
1661  830213595
1662  830430750
1663  831281185
1664  831421746
1665  831512793
1666  831885329
1667  832173261
1668  832226240
1669  832266139
1670  832351892
1671  832452851
1672  833761892
1673  834718652
1674  834802219
1675  835257818
1676  836159960
1677  836260250
1678  836269290
1679  836734195
1680  836986762
1681  837160128
1682  837225627
1683  837687381
1684  838146216
1685  838457159
1686  838710629
1687  838925398
1688  839375401
1689  839952470
1690  840497668
1691  841607586
1692  841782623
1693  842352214
1694  842703252
1695  842807256
1696  843348363
1697  844491646
1698  844520833
1699  844848247
1700  845332321
1701  845544818
1702  845630660
1703  845893283
1704  845983826
1705  847184178
1706  847306488
1707  847659505
1708  847806840
1709  847890291
1710  848166543
1711  848413270
1712  848662183
1713  848777506
1714  848882333
1715  849325837
1716  849743717
1717  850191597
1718  850201836
1719  850789433
1720  851623365
1721  852194773
1722  853169443
1723  853484938
1724  853680322
1725  853801831
1726  853916641
1727  854223425
1728  854522802
1729  854964128
1730  855676333
1731  856291889
1732  856506950
1733  856749373
1734  857167931
1735  857560178
1736  857595905
1737  858467458
1738  859273271
1739  859585912
1740  860417710
1741  860661690
1742  860864779
1743  861764253
1744  862113265
1745  862357576
1746  862372146
1747  862958996
1748  863825708
1749  864364389
1750  864615550
1751  864719450
1752  864971261
1753  865373472
1754  865662492
1755  866258538
1756  866444596
1757  866470766
1758  866626806
1759  866840141
1760  866970150
1761  867151354
1762  867959595
1763  868276266
1764  868627603
1765  869510203
1766  869839908
1767  870715366
1768  871321280
1769  871450995
1770  871723755
1771  872661426
1772  872681630
1773  872964832
1774  873165934
1775  873215158
1776  873458720
1777  873466670
1778  874465773
1779  874477999
1780  874941674
1781  876682459
1782  876768293
1783  877208580
1784  877313233
1785  877447731
1786  877670347
1787  878343226
1788  878348266
1789  878405813
1790  878925775
1791  879581192
1792  880148281
1793  880178345
1794  880549240
1795  880619985
1796  884283627
1797  884775995
1798  886962229
1799  887404483
1800  887572733
1801  887666330
1802  888387213
1803  888835742
1804  889178537
1805  890411671
1806  890868693
1807  891197581
1808  891433245
1809  891482920
1810  891738961
1811  892220914
1812  892335421
1813  892520427
1814  892612731
1815  893762869
1816  894522116
1817  895130547
1818  895176792
1819  895485804
1820  895552246
1821  895574492
1822  895820273
1823  896502836
1824  897275839
1825  897444620
1826  897483116
1827  898744639
1828  898800257
1829  899345380
1830  899398788
1831  899534771
1832  899544921
1833  899688192
1834  900299821
1835  900398661
1836  900468115
1837  900839525
1838  900948534
1839  901200723
1840  901680728
1841  901821850
1842  902580992
1843  903158793
1844  903589139
1845  903768366
1846  904492663
1847  905867758
1848  906199922
1849  906340787
1850  906830779
1851  907460500
1852  907589151
1853  907713182
1854  908218555
1855  908283954
1856  908359174
1857  908382252
1858  908450908
1859  908603322
1860  909452673
1861  910166174
1862  912466285
1863  913114112
1864  913399523
1865  913982852
1866  914412989
1867  914665372
1868  914690846
1869  914778672
1870  914785964
1871  914962367
1872  915312327
1873  915905791
1874  916239245
1875  916307319
1876  916350591
1877  916405350
1878  916414437
1879  916463181
1880  916768964
1881  916791455
1882  917609262
1883  918177195
1884  918264589
1885  921160877
1886  921240972
1887  921532245
1888  921709768
1889  921800659
1890  922565613
1891  922712803
1892  923295821
1893  923454647
1894  923966658
1895  924625139
1896  926725951
1897  927262423
1898  927398824
1899  927500315
1900  927550157
1901  927572501
1902  928268774
1903  928613450
1904  929220492
1905  929639795
1906  929693469
1907  929827366
1908  930320326
1909  930560867
1910  931120175
1911  931221918
1912  932193218
1913  932271749
1914  932272371
1915  932464273
1916  932736902
1917  932746503
1918  934262895
1919  934332938
1920  935684458
1921  936236349
1922  936271853
1923  936591205
1924  936799736
1925  937507713
1926  937949170
1927  938557702
1928  938897844
1929  940290567
1930  941276550
1931  941534636
1932  941545412
1933  942389708
1934  942486300
1935  942750782
1936  943205741
1937  943230588
1938  943562340
1939  943596989
1940  943805943
1941  944348620
1942  944518748
1943  944761554
1944  945447893
1945  945570248
1946  945655324
1947  946970470
1948  946980404
1949  947775133
1950  947790500
1951  948421175
1952  948659479
1953  949262458
1954  949390302
1955  949834143
1956  950303165
1957  950593149
1958  952187902
1959  953891421
1960  953904329
1961  954428269
1962  955459805
1963  956582793
1964  958433606
1965  958602653
1966  959340774
1967  959426241
1968  959686988
1969  959795521
1970  961479672
1971  962166302
1972  962167248
1973  962247656
1974  962309915
1975  963115377
1976  963305839
1977  963359482
1978  963711744
1979  963810471
1980  964263720
1981  964512447
1982  964871983
1983  965755594
1984  965779343
1985  966253713
1986  966601127
1987  967853767
1988  968611755
1989  968892237
1990  969509180
1991  969570237
1992  969617206
1993  971435329
1994  971876962
1995  971918882
1996  972311354
1997  973887117
1998  974621231
1999  975121939
2000  975292523
2001  976691676
2002  976938841
2003  977776169
2004  978532747
2005  978770327
2006  979424782
2007  979747176
2008  979864911
2009  981480625
2010  981758800
2011  982883842
2012  983236711
2013  983489274
2014  983592385
2015  984273997
2016  984682390
2017  984909729
2018  984980291
2019  985147322
2020  985470388
2021  985472248
2022  986725819
2023  986779385
2024  986861420
2025  987417655
2026  987542152
2027  988838257
2028  988866212
2029  990391864
2030  991300232
2031  991389602
2032  991442337
2033  992533228
2034  993535826
2035  993986760
2036  994148628
2037  994446996
2038  995479182
2039  995850643
2040  995879789
2041  996711957
2042  997318713
2043  997470788
2044  998122972
2045  998137383
2046  998691667
2047  999961855
