0  120391596
1  134606181
2  136598561
3  138369756
4  155741497
5  188684552
6  193699592
7  196735699
8  214838969
9  248308493
10  253121177
11  255445953
12  284484577
13  326388977
14  391919733
15  409940487
16  434598798
17  435194796
18  440658878
19  444139112
20  447724977
21  458343788
22  462142279
23  463868817
24  473769622
25  476353982
26  494128775
27  505197754
28  506234419
29  521287815
30  529617290
31  534643111
32  537149639
33  552692532
34  563335312
35  574140423
36  575192310
37  598774368
38  609165251
39  614419657
40  616114312
41  621451112
42  628915264
43  638841695
44  643985317
45  654994656
46  667843933
47  671377615
48  685349244
49  701325529
50  724817164
51  741192304
52  754280422
53  780283578
54  809408230
55  809876716
56  846869619
57  851313411
58  873308868
59  881608380
60  887200355
61  917668532
62  967311954
63  968957431
