0  111585916
1  112683463
2  113720777
3  115338257
4  116789350
5  121263784
6  122457298
7  123184729
8  126327978
9  126807789
10  127235899
11  133570933
12  138720186
13  143507750
14  145674867
15  145832140
16  146723933
17  149378995
18  149605879
19  154971310
20  158967982
21  165261837
22  169532156
23  183113387
24  184498856
25  185926183
26  192613586
27  195562912
28  195863120
29  201473496
30  202508859
31  204436226
32  207756652
33  212591428
34  214381973
35  214409937
36  215748122
37  222960800
38  226961239
39  229493173
40  231119261
41  233306593
42  233968972
43  234478415
44  234814865
45  240941708
46  241970516
47  246709994
48  247536860
49  247722180
50  247903339
51  248185285
52  251244185
53  262357263
54  262860585
55  270819971
56  272842746
57  274883478
58  276498628
59  277487955
60  277636478
61  282790201
62  291723192
63  293589893
64  293749218
65  302387421
66  304315704
67  306596660
68  309470753
69  313388389
70  313627897
71  315395659
72  315593411
73  322407641
74  322851470
75  323675537
76  324352780
77  327956446
78  329278515
79  330901446
80  333366447
81  334383628
82  336113838
83  339295736
84  340443352
85  340769145
86  342791410
87  343272602
88  347960387
89  352766452
90  353679577
91  359753931
92  360342529
93  363957654
94  364803476
95  365209300
96  366586532
97  368576712
98  373973723
99  374194287
100  382653692
101  386811179
102  403139138
103  404744533
104  414728222
105  417231457
106  419346689
107  420353325
108  429281589
109  439872243
110  441663793
111  445290353
112  446325584
113  448854352
114  452949146
115  453827302
116  458728306
117  470832608
118  471863393
119  479715387
120  480702723
121  483661814
122  483753776
123  488737381
124  489275182
125  490232979
126  490359595
127  490882592
128  493610737
129  499424461
130  503493979
131  504167152
132  507942837
133  512172561
134  514293173
135  517233750
136  519449712
137  527137571
138  540366771
139  549795889
140  550768871
141  552614687
142  552728980
143  553559429
144  553639250
145  564276815
146  566318139
147  567259143
148  569240812
149  569478488
150  577502587
151  585182253
152  586985541
153  593511537
154  594747587
155  602354470
156  618765127
157  625999685
158  627158450
159  630833315
160  633743412
161  634951986
162  635892708
163  651596464
164  659754173
165  663324115
166  665296582
167  667391153
168  671485492
169  675533197
170  685336409
171  691274473
172  699603251
173  699804623
174  701620185
175  701647444
176  704936515
177  715793295
178  716599635
179  716636691
180  722704286
181  730463974
182  737199886
183  741744344
184  744863136
185  744983689
186  746667848
187  750997803
188  754947382
189  754967468
190  764313443
191  766953554
192  770957844
193  784228191
194  785810347
195  788872241
196  792159555
197  792946834
198  798463562
199  799299168
200  804970491
201  810142276
202  811220902
203  812433811
204  813989653
205  817586290
206  820906792
207  822472972
208  826587794
209  830957548
210  832782230
211  834365540
212  837987266
213  839205508
214  841608216
215  842274718
216  842610874
217  843994120
218  852387824
219  853289996
220  867651658
221  867676635
222  868598361
223  869200726
224  874260870
225  875168454
226  877381145
227  877931831
228  879146932
229  885167719
230  886908689
231  888797488
232  891859441
233  899959228
234  903379539
235  915717435
236  919441689
237  925501734
238  932347279
239  937782303
240  938344647
241  945788606
242  947500668
243  948801922
244  948823208
245  950113192
246  963461860
247  964623962
248  965346933
249  967230374
250  968505450
251  969824121
252  972714368
253  975758852
254  977773345
255  994121929
