0  111289712
1  112561692
2  112927631
3  113675361
4  115552590
5  116545389
6  117284454
7  117412840
8  120405544
9  120428451
10  120720249
11  121160873
12  124795314
13  126587475
14  126871241
15  128246387
16  130360166
17  130942384
18  132853262
19  137306585
20  138656739
21  139772874
22  140632285
23  141863207
24  142877382
25  144388948
26  146180360
27  146585696
28  146958860
29  147661193
30  151335176
31  151761626
32  153527726
33  154372319
34  156827686
35  158915394
36  158941782
37  159198419
38  160464650
39  162867316
40  164785973
41  168475243
42  170164627
43  171494464
44  171685974
45  176303710
46  176567270
47  178241221
48  179637786
49  180175714
50  180688338
51  181665443
52  181677991
53  183220497
54  184155379
55  186755189
56  187293909
57  188602254
58  188950223
59  194583931
60  197899276
61  198240169
62  199367696
63  199420565
64  199446242
65  201835381
66  203541746
67  204898467
68  206954504
69  208386267
70  209367593
71  211216538
72  215400681
73  216704899
74  217581355
75  217633996
76  218654600
77  220361190
78  220867180
79  221702722
80  222708661
81  223432164
82  224409799
83  225955510
84  228466286
85  230120888
86  233124283
87  235728742
88  237389239
89  238563255
90  239234502
91  239242182
92  241226359
93  244476154
94  245445199
95  246204643
96  247219653
97  248915369
98  251202669
99  253298138
100  254398158
101  255560353
102  259824120
103  259964606
104  265681760
105  265771323
106  266553135
107  270184149
108  270239626
109  277355510
110  277916987
111  281778943
112  284784444
113  285591181
114  288793258
115  292282740
116  293569832
117  295456944
118  295683605
119  297233123
120  297679746
121  298390147
122  299623687
123  301537971
124  302234714
125  303273203
126  304614563
127  305784122
128  307347455
129  307448438
130  307963978
131  309619125
132  310445658
133  312578256
134  315770943
135  316228948
136  317304168
137  317629895
138  320391387
139  322728874
140  323862814
141  323911598
142  327157204
143  327836610
144  330841818
145  332600421
146  337374772
147  337735533
148  339197498
149  339912115
150  343366528
151  344331916
152  344377896
153  344884327
154  347382304
155  349160158
156  349564387
157  349759228
158  351611516
159  353881592
160  354163812
161  355435306
162  357936252
163  359600156
164  362151483
165  366553534
166  368548603
167  372929159
168  373151890
169  373989663
170  377335916
171  379165453
172  380404914
173  380741623
174  382986338
175  387351598
176  391782335
177  395943324
178  397515332
179  399439795
180  400722713
181  402226233
182  403461772
183  405316584
184  409286416
185  409708605
186  413897263
187  416435822
188  416626244
189  421314928
190  426736879
191  427120754
192  428488983
193  428713686
194  429162541
195  429422762
196  429862856
197  430693758
198  430852789
199  431633657
200  432790521
201  433725424
202  434246211
203  439177376
204  439189726
205  440321887
206  441143842
207  442711256
208  444418907
209  445313862
210  445380223
211  448502989
212  449357832
213  449586405
214  452302386
215  454468180
216  461449916
217  463750736
218  469620253
219  469876903
220  469962530
221  470763245
222  471198169
223  472551351
224  474225713
225  476117873
226  476962693
227  477429428
228  478185949
229  478734837
230  480136330
231  480284474
232  481532813
233  486785743
234  489255416
235  489279630
236  491530888
237  496485515
238  497734776
239  497780683
240  499813600
241  502252378
242  507246936
243  510635505
244  511589161
245  512654810
246  513703686
247  513963231
248  517342824
249  520230861
250  521479787
251  526388361
252  526811765
253  526969670
254  531389913
255  534529869
256  535767968
257  537314613
258  537471837
259  539168908
260  539315285
261  539316672
262  544806479
263  545658549
264  547444407
265  548973820
266  549580308
267  551842715
268  551865967
269  553677126
270  556519995
271  557905493
272  563338563
273  565945563
274  574195127
275  575468174
276  575916917
277  578115718
278  586736133
279  589751531
280  590360160
281  590461670
282  590879685
283  592439443
284  596185233
285  597603266
286  598527260
287  599981802
288  604614929
289  607840944
290  608848490
291  610464927
292  612350899
293  613424779
294  614961149
295  622410625
296  623205262
297  625643954
298  626502786
299  630590825
300  631566750
301  632330958
302  634721500
303  636143750
304  636747774
305  640813836
306  641523315
307  641777926
308  642713663
309  651690516
310  656333352
311  664702378
312  665285964
313  668356426
314  670651258
315  671164910
316  671496704
317  676169681
318  676248295
319  677815560
320  678428987
321  679778578
322  680824421
323  681813549
324  683945626
325  684762246
326  687738779
327  688797810
328  688927672
329  689640335
330  691701494
331  691905806
332  692673371
333  693173894
334  693519975
335  695441153
336  695550764
337  695632489
338  696637484
339  702843744
340  706576380
341  707655668
342  711257728
343  714287577
344  714809348
345  715691350
346  719428473
347  720434262
348  721318614
349  721331614
350  722878430
351  724719429
352  724971790
353  728362431
354  731185696
355  731948994
356  732334166
357  735570392
358  742243482
359  744737771
360  745889456
361  747385721
362  749636297
363  750724925
364  751946932
365  757653666
366  758939576
367  763633991
368  764752258
369  766613937
370  766665772
371  767173289
372  768307754
373  769728135
374  771457211
375  771464828
376  773270282
377  773871760
378  775193838
379  775507663
380  779111525
381  783415129
382  783621582
383  784257663
384  787231334
385  789652711
386  791992899
387  792715822
388  793336190
389  794641143
390  798467789
391  798825812
392  801436994
393  802270919
394  803845483
395  806548185
396  809824617
397  810284446
398  810474628
399  811311844
400  811401941
401  811602374
402  813327776
403  813916582
404  814377319
405  815140231
406  816592201
407  816711892
408  817146348
409  817467650
410  817760780
411  818695987
412  819356649
413  819862881
414  820869153
415  821455647
416  826111754
417  826361242
418  826740204
419  827516890
420  828472344
421  829626848
422  830285646
423  830435277
424  833444792
425  834897232
426  835720824
427  838820721
428  838867388
429  838978493
430  840497612
431  840836308
432  845840602
433  846506509
434  847573555
435  848837165
436  849295417
437  850360312
438  851909935
439  853631598
440  854308532
441  855685767
442  858265749
443  859248192
444  861329206
445  861885611
446  863636583
447  870745603
448  879196663
449  883675527
450  884276934
451  886230533
452  886620650
453  887644952
454  889347426
455  889448871
456  891760803
457  893113383
458  893410957
459  897479343
460  898616936
461  898793991
462  899596218
463  899600815
464  901629352
465  901814808
466  901962171
467  902274645
468  904163379
469  909850606
470  915780331
471  919815469
472  921836242
473  926812466
474  929144326
475  930985136
476  934963294
477  936992726
478  938353597
479  939161237
480  940498518
481  941442641
482  946312749
483  947284556
484  949154872
485  949384537
486  952260182
487  953665676
488  954162586
489  955870935
490  956489592
491  956507940
492  960252311
493  964916324
494  966631286
495  969851915
496  969910174
497  973120745
498  974260736
499  974626566
500  974641373
501  977499631
502  977566334
503  981724742
504  987394804
505  989747485
506  990539881
507  990849180
508  995422163
509  995931626
510  996650146
511  997465157
