0  111271509
1  111370449
2  111575731
3  111929966
4  112947272
5  113306563
6  113438774
7  113629522
8  113739297
9  113750405
10  113806724
11  113873775
12  114180735
13  114258364
14  114345621
15  114355908
16  114394196
17  114406164
18  114627394
19  114647464
20  114683910
21  114854997
22  114877865
23  114930743
24  114979866
25  115371674
26  115674878
27  115774557
28  115843710
29  116180599
30  116275564
31  116437335
32  116452581
33  116508542
34  116592714
35  116644968
36  116798564
37  117343615
38  117368334
39  117438900
40  117469426
41  117552388
42  117986577
43  118262854
44  118620485
45  118844480
46  119489629
47  119522201
48  119816777
49  119837337
50  120150345
51  120237496
52  120462238
53  120941256
54  121386718
55  121821331
56  122622354
57  122686769
58  122936508
59  123172806
60  123236213
61  123239573
62  124199517
63  124260789
64  124406542
65  124547136
66  124691729
67  124793159
68  124898135
69  125131297
70  125253189
71  125380602
72  126344482
73  126460603
74  126868738
75  126958563
76  127151955
77  127205303
78  127549333
79  127670124
80  128125501
81  128420489
82  128721720
83  128802413
84  128891218
85  129221575
86  129418619
87  129464645
88  129760114
89  129939273
90  130455216
91  130773190
92  131132642
93  131230198
94  131287302
95  131403284
96  131509273
97  131836346
98  131928816
99  132382471
100  132877334
101  133284753
102  133350490
103  133531868
104  133583670
105  133593941
106  133630147
107  133682345
108  133953959
109  133971430
110  134579433
111  134851625
112  135202733
113  135294242
114  135456306
115  135505216
116  135573741
117  136348809
118  136528751
119  136613823
120  136805433
121  136888844
122  136911764
123  137225926
124  137310330
125  137376224
126  137675292
127  137945945
128  138423311
129  138437216
130  138964689
131  139629605
132  139911483
133  140159625
134  140288587
135  140536682
136  140856231
137  140909824
138  141174374
139  141520885
140  141658500
141  141719346
142  141757724
143  142283771
144  142341854
145  142412786
146  142563667
147  142657898
148  142670686
149  143131410
150  143234689
151  143923295
152  144151873
153  144188212
154  144209834
155  144412380
156  144426271
157  144501440
158  144626244
159  144797468
160  144937656
161  145283415
162  145560555
163  145610598
164  145934225
165  145993996
166  146895404
167  146985914
168  147180929
169  147306987
170  147346871
171  147434973
172  148128949
173  148326948
174  148551474
175  148631499
176  149614613
177  149724937
178  149725442
179  149798539
180  150324298
181  150410232
182  150477707
183  150815170
184  150840221
185  150950587
186  151563799
187  151731757
188  151755610
189  151764223
190  152470865
191  153114199
192  153280688
193  153626112
194  153647398
195  154132354
196  154845823
197  155391260
198  155497684
199  155722243
200  156446549
201  156847874
202  156938266
203  157993870
204  158143325
205  158221961
206  158320438
207  158347623
208  158560593
209  159215681
210  159391770
211  159559795
212  159565905
213  159589174
214  159628437
215  159925755
216  160189257
217  160251723
218  160397295
219  160427216
220  160462678
221  160497784
222  160524671
223  160625268
224  160867705
225  160890881
226  161771967
227  161914847
228  162177799
229  162371115
230  162618436
231  162728574
232  162826847
233  163146795
234  163201300
235  163280817
236  163492318
237  163525558
238  163785148
239  163900752
240  164140903
241  164246291
242  164818127
243  164942248
244  165172538
245  165699503
246  165723733
247  165775919
248  165800194
249  165807280
250  166113334
251  166136909
252  166160709
253  166233958
254  166393540
255  166503923
256  166735172
257  166774436
258  166812572
259  166855962
260  166888616
261  167167549
262  167207606
263  167308588
264  167706603
265  167754382
266  168226296
267  168417659
268  168616432
269  169386151
270  169642520
271  169841829
272  170134255
273  170473609
274  170652259
275  170769831
276  170809117
277  170832682
278  170852790
279  171158710
280  171166479
281  171275870
282  171333412
283  171347389
284  171350677
285  171491668
286  172383901
287  172421550
288  172541544
289  172566330
290  172643545
291  172863258
292  173147603
293  173149421
294  173352174
295  173441265
296  173641826
297  174168394
298  174405925
299  174537241
300  175442579
301  175733593
302  176522940
303  177365130
304  177446466
305  177479726
306  177549665
307  177686768
308  177796518
309  177845354
310  178928965
311  179252997
312  179285428
313  179545561
314  179584820
315  179667216
316  179754606
317  179796356
318  180462355
319  180789445
320  180923711
321  181227374
322  181363514
323  181391517
324  181654657
325  181724195
326  181806379
327  181814362
328  181879479
329  182241697
330  182288400
331  182797938
332  182844745
333  183691605
334  183835402
335  183973726
336  184150942
337  184348972
338  184627310
339  184720644
340  184744394
341  185227402
342  185445449
343  185533276
344  185805168
345  185924950
346  185974730
347  186610603
348  186737934
349  186996344
350  187252981
351  187270348
352  188794727
353  189169123
354  189190875
355  189469729
356  189481734
357  189539158
358  189913311
359  189962688
360  190137214
361  190558670
362  190826960
363  191177315
364  191239493
365  191606149
366  191662502
367  191729739
368  191790258
369  191803597
370  191832485
371  192959433
372  193183751
373  193377722
374  193764682
375  193887686
376  193967891
377  194178308
378  194372432
379  195135925
380  195393168
381  196224879
382  197286193
383  197435663
384  197538655
385  197972650
386  197989393
387  197998136
388  198183545
389  198424886
390  199286651
391  199351707
392  199723214
393  199726170
394  200388752
395  200784909
396  200821286
397  201340176
398  201457792
399  201464532
400  201506983
401  201559791
402  201770846
403  201772627
404  202312934
405  202594298
406  202717969
407  202741115
408  202958927
409  203163969
410  203313413
411  203318301
412  203385958
413  203573303
414  203620580
415  203696844
416  203890883
417  204200749
418  204292390
419  204305922
420  204332664
421  204427267
422  204453350
423  204621780
424  204784398
425  204784942
426  204837951
427  204873757
428  204903974
429  205562430
430  206140399
431  206214884
432  206339529
433  206342799
434  206366123
435  206660364
436  207841121
437  208170974
438  208220882
439  208348197
440  208435915
441  208493407
442  208513619
443  208548899
444  208599953
445  208825980
446  208881926
447  208901880
448  209143495
449  209169760
450  209191786
451  209248489
452  209379513
453  209583436
454  209805135
455  209932654
456  209966571
457  210165637
458  210183823
459  210244772
460  210388793
461  210661993
462  210781677
463  210910277
464  211223675
465  211468970
466  211647433
467  211935804
468  212332328
469  212607633
470  212625571
471  212700377
472  212743551
473  212906668
474  213198919
475  213220292
476  213670356
477  214226739
478  215136545
479  215278969
480  215376312
481  215828183
482  215849360
483  215952947
484  216128266
485  216376463
486  216568663
487  216586723
488  216872393
489  216987222
490  217220180
491  217668856
492  217840400
493  217931760
494  217955865
495  218483503
496  218679945
497  218788837
498  219318378
499  219469906
500  219478603
501  219554608
502  219628399
503  219849262
504  220178212
505  220531527
506  220620735
507  220623306
508  220654877
509  220864838
510  221356697
511  221382189
512  221418895
513  222241559
514  222326597
515  222699469
516  222966205
517  223286889
518  223319848
519  223410908
520  223585792
521  223682861
522  223859514
523  223945502
524  223977867
525  224699290
526  224727854
527  225115397
528  225173577
529  225253244
530  225267191
531  225271636
532  225401595
533  225515200
534  225691732
535  225747546
536  226279858
537  226341579
538  226346179
539  226506652
540  226528783
541  227403619
542  227636612
543  228122669
544  228185239
545  228198449
546  228403176
547  228444552
548  228571701
549  228649386
550  228800727
551  228900591
552  229177797
553  229191152
554  229192331
555  229435346
556  229484163
557  229560285
558  229659140
559  229726742
560  229742964
561  229802239
562  229936147
563  230175433
564  230611845
565  230809504
566  230829630
567  231127980
568  231289499
569  232112275
570  232370691
571  232518774
572  232561244
573  232815608
574  233164366
575  233191118
576  233402969
577  233582377
578  233991341
579  233991630
580  234174769
581  234257247
582  234523280
583  234726202
584  234729781
585  234971542
586  235360907
587  235705774
588  235774227
589  235858315
590  235920158
591  236198619
592  236268735
593  236306711
594  236643272
595  236693375
596  237206537
597  237380263
598  237389826
599  237526230
600  237615447
601  237771227
602  238290691
603  238498919
604  238609437
605  238808751
606  238812348
607  239350879
608  239752198
609  239849449
610  240225961
611  240274835
612  240287475
613  240444978
614  240580950
615  240617635
616  240764629
617  240806424
618  241175519
619  241248190
620  241601603
621  241614917
622  241626775
623  241666805
624  241885409
625  242114524
626  242223373
627  242568174
628  242607946
629  242776692
630  242823389
631  243424124
632  243477857
633  243575583
634  243579145
635  243765536
636  243980635
637  244219553
638  244275776
639  244323584
640  244329369
641  244490659
642  244563456
643  245714944
644  246199861
645  246325612
646  246532917
647  246560173
648  246730663
649  246781181
650  247199671
651  247498332
652  247536456
653  247810148
654  247841920
655  247844733
656  248152474
657  248275933
658  248317127
659  249291899
660  249358979
661  249422359
662  249431786
663  249496913
664  249612741
665  250412266
666  250414132
667  250679965
668  250995916
669  251112971
670  251325168
671  251395727
672  251859259
673  252216825
674  252590484
675  252730779
676  253241798
677  253508823
678  253682245
679  253759125
680  253932795
681  254206895
682  254356746
683  254543677
684  254998669
685  255335831
686  255673472
687  255964476
688  256164964
689  256235691
690  256311230
691  256330196
692  256584764
693  256806432
694  256816158
695  256939357
696  257151709
697  257872990
698  258148750
699  258769599
700  258936430
701  259138654
702  259342631
703  259577741
704  259727784
705  260308724
706  260555323
707  260571814
708  260834419
709  260934669
710  260957542
711  261336688
712  261570794
713  261654580
714  262202188
715  262362424
716  262371755
717  262416648
718  262694705
719  263326900
720  263617658
721  263905139
722  264347937
723  264537223
724  264578744
725  265669240
726  265677691
727  265985317
728  266372500
729  266605326
730  266816322
731  266937842
732  267154558
733  267265872
734  267302720
735  267474809
736  267684201
737  268162854
738  268179639
739  268297203
740  268496482
741  268626725
742  268711417
743  269622964
744  270134140
745  270155486
746  270330517
747  270398352
748  270473916
749  270601393
750  270713356
751  270786985
752  270795767
753  271119983
754  271314870
755  271448183
756  271456941
757  271531610
758  271731581
759  271930396
760  272111190
761  272118309
762  272552898
763  272903463
764  273114846
765  273315970
766  273495820
767  273600418
768  273827950
769  274523356
770  275129247
771  275145451
772  275488796
773  275602685
774  275771692
775  275892177
776  276191523
777  276459463
778  276532553
779  276991951
780  277410949
781  277493602
782  277707769
783  277729516
784  278228583
785  278582669
786  278693824
787  278822817
788  278973606
789  279310798
790  280461484
791  280660298
792  280849736
793  280992527
794  281169677
795  281337851
796  281817253
797  281963601
798  282305601
799  282786933
800  282851755
801  283208719
802  283333166
803  283348142
804  284240728
805  284344712
806  284361608
807  284515344
808  284516891
809  284543770
810  284549221
811  284652205
812  284793364
813  285111813
814  285135438
815  285173755
816  285751151
817  285779591
818  285966234
819  286224186
820  286653133
821  286823366
822  286988412
823  287200552
824  287347933
825  287395289
826  287598180
827  288147112
828  288178521
829  288187466
830  288468595
831  288775899
832  288982724
833  289145526
834  289281487
835  289340359
836  289471318
837  289669566
838  290422375
839  290559188
840  290563243
841  290750908
842  290763540
843  290787489
844  290822592
845  291114672
846  291141287
847  291322164
848  291565535
849  292484876
850  292701224
851  292752145
852  293168615
853  293254440
854  293614718
855  293629414
856  293815865
857  293882373
858  294265277
859  294375969
860  294429214
861  294583243
862  294831497
863  294859400
864  294989834
865  295169190
866  295298847
867  295317419
868  295384414
869  295493249
870  295634877
871  295717464
872  295721238
873  295730626
874  296325945
875  296331338
876  296363801
877  296563786
878  296794124
879  296814779
880  297243440
881  297980154
882  298141473
883  298215702
884  298507119
885  298524724
886  298661460
887  298690282
888  298693193
889  298715856
890  299243581
891  299581267
892  299595619
893  299629611
894  300179159
895  300179986
896  300472680
897  300626278
898  301222829
899  301487403
900  301504944
901  301555991
902  301665692
903  301820889
904  302132285
905  302182920
906  302496550
907  302591521
908  302680620
909  302881941
910  303147707
911  303390681
912  303863182
913  304152580
914  304362626
915  304412421
916  304448339
917  304539481
918  304844119
919  305432209
920  305571984
921  305721564
922  305756630
923  305815282
924  306180128
925  306180500
926  306321416
927  306338205
928  306400686
929  306567637
930  306633679
931  306728289
932  306771715
933  306868305
934  306921977
935  307602404
936  307611790
937  307747602
938  308330768
939  308381235
940  308656937
941  308831322
942  309332416
943  309380863
944  309472774
945  309504571
946  309936987
947  309947754
948  310903429
949  311247805
950  311282409
951  311412896
952  311538970
953  311568884
954  311759597
955  311958684
956  312165902
957  312260679
958  312609712
959  312612307
960  312613968
961  312627553
962  312721807
963  312732822
964  313115523
965  313423573
966  313469489
967  313586624
968  313749499
969  313828440
970  314279379
971  314460930
972  314677765
973  314803176
974  314910301
975  315250639
976  315414594
977  315759927
978  315990819
979  316227625
980  316234256
981  316488699
982  316710633
983  316765661
984  316795463
985  316986330
986  317564317
987  318158965
988  318495811
989  318914675
990  318973180
991  318981987
992  319312956
993  319737306
994  319908277
995  320333784
996  320560502
997  320569663
998  320785534
999  321657203
1000  321822826
1001  321837145
1002  321884405
1003  322305238
1004  322486626
1005  322856320
1006  323431164
1007  323792543
1008  324227542
1009  324316355
1010  324416862
1011  324420402
1012  324466225
1013  324470851
1014  324561728
1015  324770504
1016  325122721
1017  325215862
1018  325406435
1019  325689508
1020  326255935
1021  326398785
1022  326492230
1023  326567352
1024  326698765
1025  326887187
1026  327115869
1027  327468492
1028  327496133
1029  327706209
1030  327993124
1031  328112441
1032  328704695
1033  329610998
1034  329615908
1035  329722812
1036  329765318
1037  329834462
1038  330165916
1039  330752911
1040  330920937
1041  330958597
1042  331121903
1043  331142473
1044  331304717
1045  331385957
1046  331419823
1047  331424736
1048  331533596
1049  331963208
1050  331969629
1051  332521865
1052  332567355
1053  332903949
1054  333121368
1055  333327560
1056  333410317
1057  333687561
1058  333776296
1059  333845994
1060  334281341
1061  334639690
1062  334666767
1063  335130558
1064  335502484
1065  335633266
1066  335663590
1067  336488293
1068  336512310
1069  336748577
1070  336816522
1071  336830852
1072  337327305
1073  337411958
1074  337532186
1075  337603246
1076  337956175
1077  338217872
1078  338243122
1079  338407938
1080  338608425
1081  338619483
1082  338958471
1083  339335935
1084  339591345
1085  339888272
1086  339959546
1087  340530446
1088  340660220
1089  340775236
1090  340866807
1091  341466972
1092  341497156
1093  342261402
1094  342299697
1095  343270932
1096  343368560
1097  343371156
1098  343371197
1099  343516973
1100  343528515
1101  343752579
1102  343869408
1103  344832905
1104  345414666
1105  345763145
1106  345861884
1107  345908347
1108  345973322
1109  345993361
1110  346189372
1111  346265748
1112  346347798
1113  346359707
1114  346976734
1115  347245975
1116  347367504
1117  347504852
1118  347604542
1119  347775344
1120  347978711
1121  348636603
1122  348660490
1123  349282933
1124  349584899
1125  349818686
1126  350128705
1127  350157191
1128  350182214
1129  350682137
1130  351147932
1131  351180845
1132  351230237
1133  351478221
1134  351578932
1135  351996448
1136  352164673
1137  352169944
1138  352186922
1139  352553699
1140  352605514
1141  352991284
1142  353134856
1143  353292860
1144  353394260
1145  353469353
1146  353760136
1147  353851703
1148  354295902
1149  354446935
1150  354549812
1151  354725891
1152  354893203
1153  355997519
1154  356140739
1155  356257364
1156  356450786
1157  357144813
1158  357257213
1159  357581167
1160  357710282
1161  357748359
1162  357758478
1163  357858436
1164  358460673
1165  358498776
1166  358800759
1167  358870133
1168  359118805
1169  359592225
1170  359721131
1171  359723820
1172  359731888
1173  360287684
1174  360297534
1175  360297725
1176  360489684
1177  360572850
1178  360581136
1179  360920178
1180  361311213
1181  361414739
1182  361549976
1183  361783973
1184  361993663
1185  362425580
1186  362463635
1187  363256610
1188  364529864
1189  364555582
1190  364588911
1191  364976449
1192  365278157
1193  365294217
1194  365351119
1195  365391835
1196  365398649
1197  365417781
1198  366505641
1199  366757813
1200  366888197
1201  367493850
1202  367540611
1203  367626597
1204  367688392
1205  367734766
1206  367965291
1207  368387298
1208  368436721
1209  368522324
1210  368964938
1211  369354171
1212  370588629
1213  370590977
1214  370666372
1215  371164603
1216  371485524
1217  371499877
1218  371742684
1219  372476923
1220  372584368
1221  372864491
1222  372870624
1223  372918325
1224  373528423
1225  374235462
1226  374835116
1227  374891613
1228  375401333
1229  375491420
1230  375701400
1231  376319616
1232  376545893
1233  376779384
1234  376801248
1235  377294297
1236  377448979
1237  377606310
1238  377621701
1239  377851213
1240  377862896
1241  378791133
1242  379678698
1243  380261499
1244  380308326
1245  380353174
1246  380388911
1247  380458199
1248  380558529
1249  380593523
1250  380617648
1251  380978504
1252  381556147
1253  381693645
1254  381716305
1255  381733258
1256  382301952
1257  382601925
1258  382694311
1259  382792738
1260  382800971
1261  382837336
1262  382890623
1263  382922421
1264  383265249
1265  383397322
1266  383685358
1267  383931564
1268  384175745
1269  384184318
1270  384517310
1271  384799387
1272  384814788
1273  384892867
1274  385460908
1275  385528716
1276  385588520
1277  385865652
1278  385947201
1279  386160166
1280  386423262
1281  386448520
1282  386468888
1283  386530395
1284  387260668
1285  387477813
1286  387991436
1287  388422842
1288  389269225
1289  389321661
1290  389725555
1291  389797989
1292  389860688
1293  390243829
1294  390530487
1295  390544793
1296  390943938
1297  391446700
1298  391451928
1299  391536149
1300  391554450
1301  392178401
1302  392372134
1303  392425552
1304  392681385
1305  392733873
1306  392839482
1307  393332569
1308  393441136
1309  393788386
1310  394295751
1311  394665235
1312  394884203
1313  395184162
1314  395372291
1315  395541681
1316  395636118
1317  395764827
1318  396132671
1319  396386808
1320  396433788
1321  396612808
1322  396703902
1323  396856378
1324  396936841
1325  396989507
1326  397434151
1327  397724879
1328  397747529
1329  398416796
1330  398629763
1331  398651437
1332  398750394
1333  398932729
1334  399400587
1335  399854457
1336  400176210
1337  400587375
1338  400786580
1339  400891659
1340  401368663
1341  401478262
1342  401794521
1343  401802497
1344  401864680
1345  402131483
1346  402243864
1347  402600679
1348  402954874
1349  403265686
1350  403374205
1351  403626961
1352  403926155
1353  404215356
1354  404308520
1355  405164497
1356  405219616
1357  405485592
1358  405589954
1359  405882396
1360  405940418
1361  406135953
1362  406201277
1363  406899223
1364  407285405
1365  407425320
1366  407470914
1367  407514886
1368  407536592
1369  407559893
1370  408201190
1371  408371131
1372  408389998
1373  408464115
1374  408470160
1375  408860343
1376  409133462
1377  409272956
1378  409469637
1379  409513403
1380  409612925
1381  409743478
1382  409891587
1383  410248719
1384  410321390
1385  410589435
1386  410642839
1387  411130685
1388  411436701
1389  411890896
1390  412118737
1391  412137611
1392  412376313
1393  412421710
1394  412468184
1395  413380447
1396  413569293
1397  413619147
1398  413733234
1399  413942789
1400  414215880
1401  414456340
1402  414492451
1403  414911273
1404  415234486
1405  415288434
1406  415512743
1407  415520879
1408  415603294
1409  415691807
1410  415746772
1411  415902471
1412  416167876
1413  416238531
1414  416384417
1415  416576354
1416  416607604
1417  417341811
1418  417457461
1419  417829422
1420  417877647
1421  418288958
1422  418480634
1423  418969139
1424  419219627
1425  419650305
1426  419757541
1427  419777671
1428  419975994
1429  420479716
1430  420491472
1431  420535840
1432  420561341
1433  420611551
1434  420837551
1435  421343119
1436  421566629
1437  422246482
1438  422297541
1439  422538935
1440  422543246
1441  422732909
1442  422764783
1443  422941155
1444  423207331
1445  423484608
1446  423844847
1447  423942285
1448  424150297
1449  424524875
1450  424626905
1451  424754517
1452  425500829
1453  425783487
1454  425934371
1455  426707890
1456  426932435
1457  426933203
1458  427455792
1459  427695225
1460  428195843
1461  428420324
1462  428423380
1463  428689840
1464  428782132
1465  428834972
1466  428889489
1467  428934363
1468  429141777
1469  429263210
1470  429398789
1471  429693741
1472  429899496
1473  430116990
1474  430361953
1475  430472720
1476  430509952
1477  430559120
1478  430690943
1479  430784141
1480  430993440
1481  431111199
1482  432246762
1483  432382942
1484  432430423
1485  432477499
1486  432573672
1487  432608671
1488  432638725
1489  432802590
1490  432905793
1491  433115344
1492  433176453
1493  433535147
1494  433673563
1495  433945293
1496  434397477
1497  434476875
1498  435257684
1499  435348563
1500  435454837
1501  435509601
1502  435515904
1503  435631206
1504  436431142
1505  436976211
1506  437388981
1507  437489446
1508  438199448
1509  438393828
1510  438401129
1511  438434708
1512  438534763
1513  438722707
1514  438954595
1515  439213261
1516  439241443
1517  439406689
1518  439517868
1519  439744448
1520  439944542
1521  440184928
1522  440202145
1523  440246511
1524  440615419
1525  441250390
1526  441280111
1527  441395317
1528  441520891
1529  441632206
1530  441742433
1531  441900234
1532  441998659
1533  442193434
1534  442295446
1535  442520541
1536  442850944
1537  442946811
1538  443117778
1539  443183871
1540  443778605
1541  443797529
1542  443823153
1543  443974937
1544  444144720
1545  444182624
1546  444321433
1547  444330117
1548  444331412
1549  444340916
1550  444852930
1551  444938264
1552  445132365
1553  445723396
1554  445922775
1555  445952766
1556  445997699
1557  446396947
1558  446399398
1559  446623493
1560  446630871
1561  446789632
1562  447113236
1563  447170718
1564  447331896
1565  447721186
1566  447796991
1567  448335405
1568  448896477
1569  448984631
1570  449212564
1571  449349493
1572  449476560
1573  449727388
1574  449847548
1575  450411323
1576  450485585
1577  450572213
1578  451400576
1579  451695695
1580  451965346
1581  452246951
1582  452287594
1583  452302586
1584  452368416
1585  452436333
1586  453206571
1587  453338441
1588  453510424
1589  453697367
1590  453778814
1591  454189349
1592  454377680
1593  454650185
1594  454713774
1595  454781769
1596  454894212
1597  454977328
1598  455124924
1599  455178838
1600  455271882
1601  455975338
1602  455998448
1603  456448715
1604  456609421
1605  457150846
1606  457241677
1607  457495425
1608  457667565
1609  457819648
1610  457948775
1611  458111250
1612  458192647
1613  458550970
1614  458980389
1615  459122412
1616  459141342
1617  459230368
1618  459282666
1619  459401878
1620  459417525
1621  459433917
1622  459665571
1623  460459428
1624  461455195
1625  461673497
1626  461938964
1627  462550574
1628  463394839
1629  463413211
1630  463466575
1631  463506918
1632  463650389
1633  463685806
1634  463831338
1635  463962563
1636  463978290
1637  464254753
1638  464821553
1639  465191158
1640  465325191
1641  465984849
1642  466479915
1643  466525333
1644  466739576
1645  466840192
1646  466908884
1647  467706971
1648  467748452
1649  467845433
1650  467991580
1651  468357596
1652  468744300
1653  468991266
1654  469905528
1655  469973541
1656  470245684
1657  470355376
1658  470823829
1659  471208806
1660  471515246
1661  471611445
1662  471720983
1663  471741880
1664  471748959
1665  471795328
1666  471964207
1667  472344250
1668  472458814
1669  472486668
1670  472569698
1671  473371472
1672  473439841
1673  473452840
1674  474118215
1675  474141823
1676  474343676
1677  474368867
1678  474621550
1679  474982498
1680  475676348
1681  476311926
1682  476695987
1683  476729159
1684  476763489
1685  476850493
1686  477224279
1687  477320618
1688  477343368
1689  477345647
1690  477413160
1691  477426979
1692  477559574
1693  477586546
1694  477958973
1695  478207859
1696  478348880
1697  478422942
1698  478551870
1699  478950375
1700  479370757
1701  479493900
1702  479840426
1703  479997968
1704  480344337
1705  480880245
1706  481213662
1707  481244546
1708  481271824
1709  481585317
1710  481894879
1711  482207560
1712  482339989
1713  482437558
1714  482542207
1715  482555187
1716  483522818
1717  483601232
1718  483639115
1719  483691337
1720  483952263
1721  484118306
1722  484839274
1723  484983434
1724  485417743
1725  485540557
1726  485804863
1727  485829133
1728  486119473
1729  486175719
1730  486261780
1731  486279704
1732  486582209
1733  486739337
1734  487113246
1735  487672809
1736  487891129
1737  488129712
1738  488178924
1739  488324771
1740  488661167
1741  488999839
1742  489319687
1743  489448806
1744  490436661
1745  490602665
1746  490635830
1747  491303275
1748  491343619
1749  491355709
1750  491439916
1751  491667126
1752  491696788
1753  491725373
1754  491800751
1755  491937916
1756  492266364
1757  492445983
1758  492956819
1759  493187508
1760  493233502
1761  493594160
1762  493686742
1763  493728334
1764  493894730
1765  494198571
1766  494354180
1767  494380977
1768  494635563
1769  495358202
1770  495366189
1771  495373449
1772  495431511
1773  495663583
1774  495727275
1775  495811344
1776  495914565
1777  496115632
1778  496453469
1779  496493414
1780  496824296
1781  497429975
1782  497966479
1783  498250784
1784  498291804
1785  498311888
1786  498767697
1787  498788440
1788  498970352
1789  499197164
1790  499291773
1791  499524138
1792  499573434
1793  499701743
1794  500321719
1795  500359467
1796  500415564
1797  500594340
1798  500640789
1799  500895512
1800  500909200
1801  500936755
1802  501906906
1803  502117129
1804  502210907
1805  502501129
1806  502545217
1807  502643582
1808  502659161
1809  502990765
1810  503335144
1811  503514259
1812  504187351
1813  504386964
1814  504532827
1815  504546300
1816  504911898
1817  505510476
1818  505664874
1819  505785304
1820  506145169
1821  506287882
1822  506294867
1823  506433348
1824  506436227
1825  506812968
1826  507404821
1827  507503891
1828  507513901
1829  507719889
1830  507830136
1831  507839506
1832  507966584
1833  508153986
1834  508217926
1835  508352216
1836  508381692
1837  509175544
1838  509325638
1839  509354217
1840  509356487
1841  509380482
1842  510854830
1843  510913924
1844  510999528
1845  511391900
1846  511870859
1847  512148291
1848  512227258
1849  512320832
1850  512910350
1851  513179116
1852  513203856
1853  513245849
1854  513258860
1855  513357374
1856  513598868
1857  514616344
1858  515113960
1859  515468488
1860  515571719
1861  515920480
1862  516147806
1863  516217242
1864  516309223
1865  517197160
1866  517876788
1867  517942349
1868  517947283
1869  518345900
1870  518610365
1871  518720986
1872  518801927
1873  518895763
1874  519195694
1875  519331394
1876  519656243
1877  519824189
1878  519835687
1879  519862557
1880  520345635
1881  520355584
1882  520397612
1883  520404383
1884  520458920
1885  520587945
1886  520592530
1887  520725191
1888  520802592
1889  520853818
1890  521459711
1891  521519361
1892  521600337
1893  521888967
1894  521930933
1895  522149859
1896  522329463
1897  522458253
1898  522755189
1899  522895195
1900  522978882
1901  523579858
1902  523741115
1903  523864897
1904  524352644
1905  524469812
1906  524482580
1907  524510800
1908  524555773
1909  524556290
1910  524804685
1911  524945139
1912  525130839
1913  525487372
1914  525799268
1915  525851140
1916  525879317
1917  526499731
1918  526552223
1919  526909584
1920  527136350
1921  527151116
1922  527219199
1923  527425580
1924  527479563
1925  527495810
1926  528290566
1927  528413669
1928  528617124
1929  528683542
1930  529167787
1931  529646170
1932  529913215
1933  529961787
1934  530164601
1935  530185174
1936  530256407
1937  530334746
1938  530349268
1939  530448735
1940  530488821
1941  530718763
1942  530748742
1943  531146326
1944  531396327
1945  531530737
1946  532151659
1947  532347234
1948  532364478
1949  532645659
1950  532678461
1951  532732562
1952  532967624
1953  533440777
1954  533788529
1955  533844386
1956  534391116
1957  534480923
1958  534500254
1959  534642835
1960  534757626
1961  534798444
1962  534839200
1963  534875910
1964  535130948
1965  535208960
1966  535268531
1967  536310283
1968  536355482
1969  536401205
1970  536823715
1971  536832439
1972  537266671
1973  537661534
1974  537685583
1975  537780575
1976  537816661
1977  537898566
1978  538134357
1979  538173604
1980  538533820
1981  538541358
1982  538613591
1983  538624659
1984  539159393
1985  539290138
1986  539344787
1987  539659263
1988  539691536
1989  539794466
1990  540183991
1991  540350447
1992  540496341
1993  541134512
1994  541228501
1995  541253940
1996  541370281
1997  541432695
1998  541807728
1999  541910955
2000  541944494
2001  542357329
2002  542451892
2003  542659413
2004  542684546
2005  542837985
2006  542922387
2007  542933254
2008  542956269
2009  543402200
2010  543608421
2011  543893777
2012  543908167
2013  544278928
2014  544668674
2015  545123740
2016  545139682
2017  545913957
2018  546163437
2019  546607808
2020  547308732
2021  547508885
2022  547513337
2023  547540288
2024  547835741
2025  548195380
2026  548474949
2027  548520117
2028  548800658
2029  549409406
2030  549466354
2031  549687472
2032  550328931
2033  550382258
2034  550403627
2035  550519296
2036  550546278
2037  551286826
2038  551574328
2039  551627792
2040  551720877
2041  552116580
2042  552132686
2043  552518202
2044  552608645
2045  553177379
2046  553189852
2047  553265408
2048  553450866
2049  553647517
2050  553745876
2051  554300766
2052  554923552
2053  555326265
2054  555416696
2055  555634369
2056  555642541
2057  555694727
2058  555753882
2059  555852514
2060  556117854
2061  556940999
2062  556974173
2063  557174115
2064  557696278
2065  557804188
2066  558658375
2067  558669964
2068  558693604
2069  558788858
2070  558909693
2071  558948538
2072  559126609
2073  559588971
2074  559691308
2075  559719644
2076  560590438
2077  561515871
2078  561816345
2079  561921542
2080  562267465
2081  562530656
2082  562781654
2083  562797477
2084  562898707
2085  563305451
2086  563389702
2087  563847371
2088  563894213
2089  564381887
2090  564424983
2091  564553830
2092  565301928
2093  565360883
2094  565698928
2095  565711593
2096  565764441
2097  565899149
2098  565954977
2099  566390587
2100  566745977
2101  567125291
2102  567143528
2103  567302706
2104  567363720
2105  567791788
2106  568295398
2107  568356387
2108  568484952
2109  568569717
2110  568882283
2111  568888995
2112  568917719
2113  568957703
2114  569288656
2115  569328686
2116  569334834
2117  569511268
2118  569998575
2119  570155263
2120  570293306
2121  570818313
2122  571164363
2123  571192701
2124  571303969
2125  571466530
2126  571710231
2127  572186200
2128  572232945
2129  572470550
2130  572775182
2131  572931878
2132  573267961
2133  573456859
2134  573610505
2135  574346532
2136  574559977
2137  574603650
2138  574958693
2139  575243942
2140  575529177
2141  575635782
2142  576333394
2143  577147771
2144  577690326
2145  578192634
2146  578699921
2147  578935217
2148  578944277
2149  579237281
2150  579676697
2151  579757178
2152  579865889
2153  581193806
2154  581486503
2155  581545474
2156  581894431
2157  582135545
2158  582224393
2159  582892472
2160  583185249
2161  583273597
2162  583430990
2163  583506277
2164  583680177
2165  583769436
2166  583858371
2167  583890327
2168  584112424
2169  584203412
2170  584415234
2171  584491890
2172  584570503
2173  584698991
2174  584890372
2175  585164770
2176  585341413
2177  585407855
2178  585546236
2179  585699937
2180  585735172
2181  585809268
2182  585846188
2183  586355642
2184  586493614
2185  586736211
2186  586945199
2187  587302626
2188  587373556
2189  587678818
2190  587685916
2191  587737475
2192  587755227
2193  587774123
2194  587826256
2195  588133193
2196  588250632
2197  588407587
2198  588460704
2199  588528848
2200  588596401
2201  588617313
2202  588744210
2203  588784407
2204  588914170
2205  589358993
2206  590289381
2207  590547126
2208  590554292
2209  590633521
2210  590952252
2211  591171518
2212  591219993
2213  591346438
2214  591436736
2215  591484871
2216  591744308
2217  591811494
2218  591925211
2219  592552309
2220  592651284
2221  592744211
2222  593200356
2223  593605163
2224  593724445
2225  594149351
2226  594507839
2227  594727284
2228  594987317
2229  595828704
2230  596204914
2231  596308235
2232  596328475
2233  596356541
2234  596890930
2235  597372774
2236  597764486
2237  597914171
2238  598507115
2239  599157245
2240  599235994
2241  599584688
2242  599843822
2243  599963450
2244  600482437
2245  600908638
2246  600999129
2247  601409125
2248  601796628
2249  601855563
2250  602129855
2251  602250136
2252  602254830
2253  602530434
2254  602721741
2255  602967396
2256  602996463
2257  603270874
2258  603509347
2259  604369211
2260  604528213
2261  604746981
2262  604849971
2263  604893248
2264  604962608
2265  604991119
2266  605283653
2267  605287731
2268  605415684
2269  605652674
2270  605718836
2271  605978818
2272  606380590
2273  606665905
2274  606847887
2275  606920789
2276  607169238
2277  607450582
2278  607594238
2279  607725705
2280  608193184
2281  608313812
2282  608603562
2283  608731965
2284  608881308
2285  609329437
2286  609503976
2287  609675802
2288  609833857
2289  610124833
2290  610194528
2291  610383818
2292  610793858
2293  610816704
2294  611262154
2295  611350624
2296  611459661
2297  611506915
2298  611553583
2299  612587994
2300  612780970
2301  612883256
2302  613200211
2303  613301500
2304  613807625
2305  614215441
2306  614854935
2307  614870770
2308  615175824
2309  615428998
2310  615609515
2311  615811113
2312  615978502
2313  616579945
2314  616740512
2315  616792914
2316  617193450
2317  617482596
2318  617680699
2319  618111601
2320  618213939
2321  618763867
2322  619488817
2323  619573850
2324  619633132
2325  619894631
2326  619999494
2327  620239885
2328  620593227
2329  621576806
2330  621731301
2331  622251735
2332  622510952
2333  622602563
2334  622629550
2335  622629957
2336  622681317
2337  623372586
2338  623554880
2339  623584589
2340  623736214
2341  624114896
2342  624245592
2343  624363689
2344  624365718
2345  624834896
2346  625165138
2347  625446851
2348  625485901
2349  626305660
2350  626321640
2351  626328709
2352  626393147
2353  626513442
2354  626583992
2355  626612331
2356  627128125
2357  627187431
2358  627255960
2359  627278374
2360  627364876
2361  627626362
2362  627745650
2363  627790698
2364  627796399
2365  627919593
2366  627987844
2367  628411784
2368  628495554
2369  628554234
2370  628857980
2371  628896797
2372  629215348
2373  629364853
2374  629528764
2375  629874690
2376  630907743
2377  630982773
2378  631315705
2379  631878774
2380  631914530
2381  632608465
2382  632795433
2383  633280763
2384  633380504
2385  633582710
2386  633643330
2387  633885888
2388  633933484
2389  634304420
2390  634319220
2391  634915919
2392  634945920
2393  635509743
2394  635705594
2395  635850605
2396  635918791
2397  635960707
2398  635997451
2399  636663592
2400  636766710
2401  636778980
2402  636929263
2403  637347182
2404  637466983
2405  637473506
2406  637539905
2407  637652143
2408  637987513
2409  638430542
2410  638450909
2411  638605473
2412  638643860
2413  638644439
2414  638659509
2415  638679935
2416  638706377
2417  638888956
2418  638936801
2419  639245675
2420  639270416
2421  639420221
2422  639686789
2423  639931328
2424  640690524
2425  641596562
2426  641607962
2427  641781141
2428  641875237
2429  641911163
2430  641986193
2431  642246835
2432  642301951
2433  642346843
2434  642449941
2435  642477694
2436  642528905
2437  643170718
2438  644333920
2439  644703876
2440  644987787
2441  645247734
2442  645322205
2443  645383889
2444  645555181
2445  645654381
2446  645889922
2447  645922342
2448  645933811
2449  645985566
2450  646179549
2451  646206444
2452  646586614
2453  647503724
2454  647540618
2455  647548950
2456  647631566
2457  648636988
2458  648764521
2459  648821930
2460  648993237
2461  649198183
2462  649279991
2463  649376310
2464  649563999
2465  649937541
2466  649945816
2467  650590203
2468  651161511
2469  651185156
2470  651455398
2471  651774169
2472  652218156
2473  652291184
2474  652292953
2475  652996885
2476  652997228
2477  653124786
2478  653462698
2479  654226977
2480  654395246
2481  654412200
2482  654442977
2483  654865884
2484  655349163
2485  655359653
2486  655668268
2487  655790987
2488  655885989
2489  655898325
2490  655942182
2491  655962872
2492  656113220
2493  656245919
2494  656389382
2495  656535942
2496  656679786
2497  656764931
2498  657112764
2499  657154819
2500  657323888
2501  657462190
2502  658812259
2503  658823125
2504  658929625
2505  658949783
2506  658986275
2507  659130630
2508  659177388
2509  659226285
2510  659394137
2511  659419817
2512  659678775
2513  659939145
2514  660342463
2515  660472680
2516  660489172
2517  660853624
2518  660909792
2519  661227146
2520  661297508
2521  661501365
2522  661548285
2523  661569360
2524  661700678
2525  662492529
2526  662615246
2527  662814570
2528  662966122
2529  663250817
2530  663541165
2531  663753509
2532  663955540
2533  664719158
2534  665215798
2535  665229138
2536  665317251
2537  665611926
2538  665632364
2539  665914965
2540  666409745
2541  666690822
2542  666703913
2543  667331416
2544  667603258
2545  667683139
2546  667738417
2547  667798501
2548  667873614
2549  667910677
2550  667932965
2551  668649302
2552  670186169
2553  670223938
2554  670477362
2555  670483262
2556  670595470
2557  670602345
2558  670628633
2559  670690452
2560  670779406
2561  671169879
2562  671363202
2563  671418182
2564  671621518
2565  672186787
2566  672394779
2567  672448698
2568  672553600
2569  672804240
2570  672983489
2571  673147322
2572  673330964
2573  673438809
2574  674180675
2575  674205423
2576  674221694
2577  674553335
2578  674643987
2579  674666502
2580  674717610
2581  674844517
2582  674993854
2583  675411470
2584  675639322
2585  675746760
2586  676358408
2587  676419255
2588  676426739
2589  676841302
2590  677142836
2591  677173317
2592  677192632
2593  677442679
2594  677549778
2595  677887255
2596  678194273
2597  678416717
2598  678493897
2599  678554307
2600  678626563
2601  678810292
2602  678902768
2603  678921747
2604  678990690
2605  678999148
2606  679146602
2607  679238117
2608  679263294
2609  679447599
2610  679479679
2611  679649375
2612  679826939
2613  680144702
2614  680220326
2615  680234195
2616  680559347
2617  680677680
2618  680783134
2619  680936541
2620  680936762
2621  680937890
2622  681456318
2623  681599710
2624  681809136
2625  681986834
2626  682339545
2627  682396946
2628  682699290
2629  683195237
2630  683271760
2631  683296156
2632  683376814
2633  683579561
2634  683674528
2635  683939606
2636  683947468
2637  683978917
2638  684448623
2639  684506742
2640  684889580
2641  684952433
2642  685686148
2643  685808405
2644  685887855
2645  686343368
2646  686424740
2647  686547263
2648  686723564
2649  686835458
2650  687255121
2651  688271524
2652  688290291
2653  688374998
2654  688662344
2655  688813648
2656  688936935
2657  689217433
2658  689240369
2659  689310773
2660  689371887
2661  689887580
2662  689983367
2663  690158420
2664  690307988
2665  690310600
2666  690643386
2667  690769320
2668  690983363
2669  691164751
2670  691730994
2671  692290998
2672  692556893
2673  692854752
2674  692934844
2675  692957612
2676  693181479
2677  693197645
2678  693350967
2679  693775449
2680  693887119
2681  693908929
2682  694296781
2683  694669153
2684  694696352
2685  694810643
2686  695197137
2687  695311408
2688  695406357
2689  695690658
2690  695840838
2691  696215185
2692  696446707
2693  696499364
2694  696555133
2695  697711813
2696  697878378
2697  697915379
2698  697944139
2699  698298429
2700  698406658
2701  698667923
2702  698780951
2703  698823133
2704  699570361
2705  699633175
2706  700114541
2707  700423159
2708  700580519
2709  700690954
2710  700953885
2711  701148317
2712  701313891
2713  701342705
2714  701351903
2715  701394736
2716  701576948
2717  701882180
2718  702156367
2719  702208741
2720  702212521
2721  702266815
2722  702438308
2723  703122764
2724  703302737
2725  703322167
2726  703323933
2727  703444565
2728  703581605
2729  703608450
2730  703740964
2731  703866286
2732  703933387
2733  704146297
2734  704318808
2735  704530364
2736  704735654
2737  704850681
2738  704984509
2739  705186508
2740  705520570
2741  705611503
2742  705762457
2743  705969119
2744  706196792
2745  706308820
2746  706544846
2747  706678608
2748  706900131
2749  706918232
2750  706945994
2751  707220755
2752  707465537
2753  707670114
2754  708148885
2755  708389288
2756  708749386
2757  708811925
2758  708959192
2759  709148988
2760  709297667
2761  709317314
2762  709394480
2763  709477302
2764  709591155
2765  709731786
2766  709817370
2767  709875355
2768  710426735
2769  710543258
2770  710716633
2771  710720856
2772  710893598
2773  711144473
2774  711405512
2775  711589625
2776  711590701
2777  711796558
2778  711800849
2779  711860682
2780  712141230
2781  712500188
2782  712500878
2783  712560254
2784  713345608
2785  713417523
2786  713654568
2787  714223900
2788  714776620
2789  714878134
2790  715260469
2791  715335348
2792  715378395
2793  715426569
2794  715617798
2795  715618445
2796  715648865
2797  715809493
2798  715953444
2799  716254912
2800  716390839
2801  716623137
2802  716654427
2803  716784261
2804  716810342
2805  717152821
2806  717708485
2807  717719488
2808  717752269
2809  717801807
2810  718811426
2811  718828529
2812  719280283
2813  719377895
2814  719717595
2815  719744415
2816  720263720
2817  720795531
2818  721222587
2819  721237913
2820  721646558
2821  721761862
2822  721856433
2823  722375217
2824  722393383
2825  722406798
2826  722457317
2827  722646912
2828  722997533
2829  723169442
2830  723339998
2831  723468341
2832  723510179
2833  723750914
2834  723793699
2835  723905887
2836  723918164
2837  724415387
2838  724504919
2839  724587575
2840  724761127
2841  724842835
2842  724869650
2843  724881813
2844  724988579
2845  725262291
2846  725354284
2847  725957280
2848  726115199
2849  726207481
2850  726285694
2851  726385926
2852  726524931
2853  726538999
2854  726668409
2855  726721269
2856  727347388
2857  727445609
2858  727522468
2859  727781552
2860  727809309
2861  727937476
2862  728238593
2863  728252579
2864  728298199
2865  728303195
2866  728423228
2867  728556181
2868  728601444
2869  728609450
2870  728963983
2871  729470429
2872  729638984
2873  729639480
2874  729996452
2875  730353576
2876  730384457
2877  731769865
2878  731772572
2879  731851416
2880  731855928
2881  732229364
2882  732291285
2883  732437405
2884  732447506
2885  733260789
2886  733458423
2887  733557222
2888  733967465
2889  734113741
2890  734550491
2891  734925581
2892  734976594
2893  735196320
2894  735272829
2895  735788468
2896  735825991
2897  735855755
2898  736546316
2899  736694994
2900  736780623
2901  737131221
2902  737400928
2903  737472787
2904  737563862
2905  737600780
2906  737606873
2907  737877572
2908  737879747
2909  737969963
2910  738526742
2911  738566804
2912  738677908
2913  738686760
2914  738877456
2915  738936899
2916  739172376
2917  739901419
2918  739954751
2919  740217465
2920  740232649
2921  740545342
2922  740911841
2923  741272373
2924  741401780
2925  741533434
2926  741535131
2927  741761201
2928  741828528
2929  742218694
2930  742357125
2931  742422206
2932  742539323
2933  742773744
2934  742915789
2935  743301763
2936  743481842
2937  744757766
2938  744990635
2939  745362127
2940  745440480
2941  745615797
2942  745665611
2943  745706990
2944  746268527
2945  746578949
2946  746722601
2947  746958181
2948  747141975
2949  747471424
2950  747496536
2951  747647967
2952  748125537
2953  748129542
2954  748172180
2955  748397498
2956  748965938
2957  749531247
2958  749578461
2959  749625365
2960  749828306
2961  750233343
2962  750300379
2963  750692118
2964  750782854
2965  750857886
2966  750954341
2967  751389459
2968  751526159
2969  751821891
2970  751975548
2971  752150591
2972  752284908
2973  752383769
2974  752559624
2975  752806330
2976  752869421
2977  753136324
2978  753605760
2979  753754268
2980  754213773
2981  754464766
2982  754654382
2983  754867345
2984  755387534
2985  755958470
2986  756168391
2987  756182212
2988  756847666
2989  756863800
2990  757171493
2991  757304204
2992  757483788
2993  758133356
2994  758187232
2995  758194403
2996  758228711
2997  758252921
2998  758282504
2999  758367836
3000  758914996
3001  759285966
3002  759289450
3003  759415874
3004  759662527
3005  759935724
3006  760203398
3007  760317249
3008  760555930
3009  761147184
3010  761304718
3011  761354702
3012  761374390
3013  761407250
3014  761635167
3015  761777760
3016  761877875
3017  762876542
3018  762994471
3019  763152600
3020  763165863
3021  763221456
3022  763460225
3023  763768756
3024  763924785
3025  764229510
3026  764275889
3027  764421122
3028  764528708
3029  764606548
3030  764617509
3031  764625526
3032  764984938
3033  765360963
3034  765598893
3035  765686328
3036  765702891
3037  765771682
3038  766227928
3039  766275408
3040  766739125
3041  766955983
3042  767456940
3043  767550969
3044  768474609
3045  768505129
3046  768533899
3047  768648785
3048  768692442
3049  768810588
3050  768975395
3051  769414878
3052  769490430
3053  769616747
3054  770505212
3055  770555393
3056  770648444
3057  771276746
3058  771378883
3059  771475122
3060  771729898
3061  771966414
3062  772922731
3063  772961512
3064  772974203
3065  773159192
3066  773178379
3067  773227160
3068  773700721
3069  773877313
3070  774427182
3071  774587393
3072  774591930
3073  774829571
3074  774843621
3075  774904991
3076  774935813
3077  775497657
3078  775624346
3079  775779216
3080  775981205
3081  776186495
3082  776246352
3083  776361774
3084  776364485
3085  776717888
3086  776756938
3087  776814202
3088  777871170
3089  778343696
3090  778511264
3091  778609872
3092  778722337
3093  778727574
3094  778845357
3095  778912404
3096  779305134
3097  779390796
3098  779536116
3099  779640310
3100  779732730
3101  779768138
3102  779888685
3103  780449504
3104  780533813
3105  780694268
3106  780754995
3107  780756600
3108  780842817
3109  780897618
3110  780905423
3111  780944409
3112  781178477
3113  781339243
3114  781377331
3115  781630524
3116  781715407
3117  781743552
3118  781878546
3119  782147966
3120  782414723
3121  782606856
3122  782743643
3123  782946361
3124  783523837
3125  783553535
3126  783903393
3127  784130584
3128  784384451
3129  784397703
3130  784905190
3131  784920124
3132  785391562
3133  785531868
3134  785592223
3135  785757678
3136  785783667
3137  785803169
3138  786174361
3139  786338814
3140  786827278
3141  786978887
3142  787283139
3143  787380779
3144  787411388
3145  787424381
3146  787751476
3147  788545575
3148  788605966
3149  788661413
3150  788828736
3151  788922311
3152  788938594
3153  789384655
3154  789637855
3155  789692540
3156  790116366
3157  790242980
3158  790507990
3159  790626760
3160  790726460
3161  791118293
3162  791574645
3163  791630165
3164  792198923
3165  792589127
3166  792771225
3167  793166176
3168  793373952
3169  793379660
3170  793493397
3171  793731683
3172  793947982
3173  794226232
3174  794357268
3175  794597985
3176  794605644
3177  794772428
3178  794926639
3179  795187252
3180  795227950
3181  796211651
3182  796381404
3183  796714555
3184  796715768
3185  796722121
3186  796977566
3187  797135766
3188  797139856
3189  797199895
3190  797617118
3191  797650643
3192  797851165
3193  797971253
3194  798156275
3195  798218776
3196  798353448
3197  798580834
3198  798813338
3199  799200345
3200  799476408
3201  799520548
3202  799621950
3203  799773406
3204  799816496
3205  799873378
3206  800122576
3207  800650423
3208  801251890
3209  801406714
3210  801602187
3211  801652997
3212  801806230
3213  802196745
3214  802209297
3215  802603530
3216  802663564
3217  802745215
3218  802828817
3219  803111581
3220  803317199
3221  803508490
3222  803525451
3223  803839477
3224  804218814
3225  804313626
3226  804450862
3227  804548197
3228  804632215
3229  804815924
3230  804823555
3231  805155783
3232  805499819
3233  805767901
3234  805798904
3235  805908508
3236  806195207
3237  806558684
3238  806976750
3239  807294408
3240  807534691
3241  807565897
3242  807704966
3243  807878402
3244  807976894
3245  808161134
3246  808182866
3247  808607895
3248  808828548
3249  809126467
3250  809360635
3251  809414658
3252  809843551
3253  810352447
3254  810525658
3255  810657248
3256  810749273
3257  811191361
3258  811519285
3259  811555384
3260  811556956
3261  811571488
3262  811874799
3263  812719728
3264  813730937
3265  814241278
3266  814302832
3267  814407392
3268  814437526
3269  814561717
3270  814564580
3271  814586455
3272  814813495
3273  814819919
3274  816147751
3275  816269512
3276  816382952
3277  816638410
3278  816677764
3279  816717215
3280  817258982
3281  817705668
3282  817735123
3283  818242250
3284  818741941
3285  818827986
3286  818855682
3287  819272224
3288  819583856
3289  819882798
3290  819933774
3291  819996797
3292  820194167
3293  820273707
3294  820514766
3295  820848933
3296  820963298
3297  821734804
3298  821786943
3299  821787601
3300  821934595
3301  822367833
3302  822667349
3303  822704745
3304  822785543
3305  822847347
3306  823209273
3307  823625243
3308  823634477
3309  823635640
3310  823754286
3311  823813265
3312  823882352
3313  823960586
3314  824220363
3315  824341663
3316  824365541
3317  824731501
3318  824757425
3319  825307209
3320  825323724
3321  825358803
3322  825426880
3323  825537614
3324  825657383
3325  825713615
3326  825872340
3327  825984533
3328  826142658
3329  826493778
3330  826574700
3331  826632174
3332  826870434
3333  827225995
3334  827302803
3335  827331330
3336  827435662
3337  828155949
3338  828193690
3339  828534347
3340  828831267
3341  829190601
3342  829268621
3343  830116920
3344  830205175
3345  830302993
3346  830861445
3347  831426464
3348  831599397
3349  831681119
3350  831824199
3351  831892771
3352  831964478
3353  832485473
3354  832647268
3355  832828530
3356  833176177
3357  833383436
3358  833786962
3359  834167400
3360  834568513
3361  834664616
3362  834714504
3363  834832622
3364  835480642
3365  835494769
3366  835651968
3367  835789866
3368  835887483
3369  836294495
3370  836773302
3371  836821144
3372  837401897
3373  837653511
3374  837831435
3375  838196558
3376  838430562
3377  838531986
3378  838550477
3379  838730496
3380  838794961
3381  839450138
3382  839845267
3383  840332724
3384  840867509
3385  841281263
3386  841464929
3387  841480602
3388  842148193
3389  842228689
3390  842306982
3391  842325699
3392  842479113
3393  842678315
3394  842855985
3395  843526834
3396  843622662
3397  844154211
3398  844328662
3399  844411475
3400  844429588
3401  844523660
3402  844782669
3403  844863978
3404  844997377
3405  845148301
3406  845223178
3407  845346588
3408  845436913
3409  845923714
3410  845997899
3411  846422371
3412  846764749
3413  847131838
3414  847164436
3415  847415723
3416  847548879
3417  848368771
3418  848723195
3419  848772118
3420  848813249
3421  848896871
3422  848913447
3423  849166429
3424  849578481
3425  849693948
3426  850293940
3427  850337513
3428  850447881
3429  850689741
3430  850796938
3431  851352524
3432  851409286
3433  851418890
3434  851421465
3435  851590836
3436  851825534
3437  851861119
3438  852287568
3439  852835613
3440  853143908
3441  853164646
3442  853293468
3443  853337698
3444  853551937
3445  853742152
3446  853898840
3447  854204839
3448  854672381
3449  854767373
3450  854824247
3451  854899849
3452  855199493
3453  855555903
3454  855704600
3455  855923822
3456  856131669
3457  856194784
3458  856613792
3459  856644921
3460  857702344
3461  857732500
3462  857867365
3463  857884311
3464  857919446
3465  858147550
3466  858475795
3467  858618571
3468  858827802
3469  859171615
3470  859200360
3471  859271536
3472  859425688
3473  859525770
3474  859537714
3475  859570490
3476  859868997
3477  860131297
3478  860403251
3479  860414740
3480  860459544
3481  860803393
3482  860819279
3483  860852639
3484  861310489
3485  861448221
3486  861565844
3487  861596336
3488  861655416
3489  861747763
3490  861804496
3491  862740579
3492  863148197
3493  863375603
3494  863620715
3495  863931237
3496  864588723
3497  864915376
3498  864989695
3499  865215565
3500  865327415
3501  865656185
3502  865732642
3503  866426880
3504  866855697
3505  866883916
3506  866909895
3507  867410868
3508  867537995
3509  867804180
3510  868482499
3511  868506320
3512  868570147
3513  868729143
3514  868741381
3515  868930524
3516  869188163
3517  869228617
3518  869258509
3519  869274987
3520  869356921
3521  869397570
3522  869426936
3523  869469556
3524  869557758
3525  869713474
3526  869803994
3527  869934580
3528  869940682
3529  870213366
3530  870287720
3531  870438660
3532  870866314
3533  871440192
3534  871613147
3535  871652293
3536  871958675
3537  872438839
3538  872739756
3539  873301767
3540  873420635
3541  874306914
3542  874540430
3543  874623180
3544  875247235
3545  875383131
3546  875503946
3547  875906286
3548  876202696
3549  876291763
3550  876419625
3551  877281603
3552  877301654
3553  877302156
3554  877315649
3555  877362845
3556  877594767
3557  878194578
3558  878514454
3559  878534466
3560  878705709
3561  878736449
3562  879305605
3563  879448428
3564  879482799
3565  879834991
3566  879878732
3567  879950814
3568  880193701
3569  880195460
3570  880236310
3571  880662796
3572  880845189
3573  880904311
3574  880939416
3575  880981871
3576  880983561
3577  881280481
3578  881840694
3579  881921605
3580  882586925
3581  882966947
3582  883295629
3583  883603665
3584  883707534
3585  883770788
3586  884156249
3587  884798701
3588  884803235
3589  885406581
3590  885436621
3591  885550288
3592  885707677
3593  886457615
3594  886471261
3595  886663288
3596  886771363
3597  886802586
3598  886982608
3599  887498662
3600  887521660
3601  887756344
3602  887852564
3603  887891806
3604  888116776
3605  888440124
3606  888542684
3607  888573511
3608  888845314
3609  888982592
3610  889218574
3611  889412144
3612  889465227
3613  889509334
3614  889711368
3615  889917408
3616  889963662
3617  890279304
3618  890495887
3619  890568244
3620  890669520
3621  890976214
3622  891204802
3623  891209289
3624  891446873
3625  891692507
3626  891697494
3627  891781789
3628  891906585
3629  892147863
3630  892425395
3631  892755287
3632  893291901
3633  893304957
3634  893566305
3635  893660897
3636  893933144
3637  894404595
3638  894548503
3639  894699821
3640  894752393
3641  895504728
3642  895891386
3643  895922790
3644  896175493
3645  896580554
3646  896596213
3647  896619477
3648  896701399
3649  896784142
3650  897341321
3651  897451385
3652  897452322
3653  897506217
3654  897693494
3655  898247364
3656  898737222
3657  898858789
3658  899134750
3659  899209503
3660  899289431
3661  899360711
3662  899499639
3663  899521430
3664  900333247
3665  900623540
3666  901119727
3667  901209886
3668  902130802
3669  902191909
3670  902369134
3671  902599138
3672  902849472
3673  903190854
3674  903214435
3675  903388117
3676  903392432
3677  903667494
3678  903862219
3679  903976804
3680  904170784
3681  904544276
3682  904622494
3683  904643625
3684  904841755
3685  905174197
3686  905189942
3687  905512552
3688  905595664
3689  905625292
3690  905724567
3691  906116478
3692  906157619
3693  906303215
3694  906367779
3695  907414123
3696  907532368
3697  907806836
3698  908142608
3699  908353910
3700  909134346
3701  909270828
3702  909707897
3703  910162396
3704  910308584
3705  910515759
3706  910569542
3707  910572773
3708  910601301
3709  911179967
3710  911223390
3711  911281918
3712  911290301
3713  911301718
3714  911644832
3715  911683820
3716  911761236
3717  912363339
3718  912374389
3719  912435775
3720  912535396
3721  912580679
3722  912777652
3723  912846232
3724  912956548
3725  913341421
3726  913663392
3727  913904823
3728  913915463
3729  913944948
3730  914504262
3731  914753324
3732  914848491
3733  915115298
3734  915165322
3735  915735994
3736  916685623
3737  916688493
3738  916808330
3739  916880656
3740  917140988
3741  917183350
3742  917600276
3743  917684462
3744  917873785
3745  917877803
3746  918112306
3747  918187536
3748  918193959
3749  918276155
3750  918854734
3751  919265930
3752  919518292
3753  919550615
3754  919599670
3755  919689878
3756  919703262
3757  919871374
3758  919938877
3759  920112908
3760  920238836
3761  920351426
3762  920393451
3763  920678949
3764  920868371
3765  921644392
3766  921957474
3767  922136420
3768  922184950
3769  922390113
3770  922417353
3771  922581473
3772  922774114
3773  923160444
3774  923265628
3775  923340676
3776  923799306
3777  924250849
3778  924482500
3779  924489830
3780  925249670
3781  925412888
3782  925533624
3783  925568371
3784  925591307
3785  925697513
3786  925856425
3787  926714965
3788  926833341
3789  927147964
3790  927871656
3791  927924529
3792  928325219
3793  928375513
3794  928377436
3795  928640516
3796  928684827
3797  928774345
3798  928887734
3799  928913795
3800  929184386
3801  929197126
3802  929737680
3803  929911250
3804  930292463
3805  930318688
3806  930386896
3807  930401823
3808  930402760
3809  930547384
3810  930585925
3811  930591946
3812  931953777
3813  932337277
3814  932513670
3815  932552225
3816  932949840
3817  932973701
3818  933128818
3819  933528837
3820  933654638
3821  933918615
3822  934130246
3823  934490532
3824  934533500
3825  934640418
3826  934645124
3827  934713904
3828  934793188
3829  934935704
3830  935276712
3831  935366372
3832  935398169
3833  935558781
3834  935590533
3835  935793266
3836  935813212
3837  935820538
3838  936170397
3839  937383933
3840  937702439
3841  937733331
3842  937792546
3843  937887565
3844  937970373
3845  937994902
3846  938224877
3847  938658466
3848  938674971
3849  938960404
3850  940703498
3851  940717323
3852  940788630
3853  941246777
3854  941269964
3855  941500556
3856  941652720
3857  942362428
3858  942813400
3859  942873733
3860  942971813
3861  943364878
3862  943523351
3863  943916735
3864  944211767
3865  944247930
3866  944482251
3867  944680158
3868  944744822
3869  944785578
3870  944962528
3871  944986553
3872  945201607
3873  945213578
3874  945587423
3875  945812368
3876  946236519
3877  946238670
3878  946304475
3879  946792299
3880  946945360
3881  947458750
3882  948272422
3883  948759758
3884  948883437
3885  949709419
3886  949713428
3887  949731671
3888  949842560
3889  950123412
3890  950281671
3891  950534342
3892  950723344
3893  950757518
3894  951375752
3895  951468911
3896  952188437
3897  952410883
3898  952590279
3899  953239422
3900  953323568
3901  953335401
3902  953521397
3903  953536545
3904  953817537
3905  954157887
3906  954419721
3907  954493359
3908  954874742
3909  955423798
3910  956586669
3911  956735446
3912  956903948
3913  957675116
3914  957716225
3915  957983423
3916  958149370
3917  958214278
3918  958272801
3919  958422252
3920  958443482
3921  958506542
3922  958574739
3923  958682855
3924  958959474
3925  959231642
3926  959338519
3927  959433858
3928  959695264
3929  959695989
3930  959993208
3931  960125311
3932  960182214
3933  960428763
3934  960970359
3935  960998686
3936  961461959
3937  961536325
3938  961591197
3939  962121872
3940  963152867
3941  963341223
3942  963523412
3943  963596122
3944  963601899
3945  963619875
3946  963798675
3947  963852558
3948  964480433
3949  964681671
3950  964830203
3951  965117867
3952  965370582
3953  965382251
3954  965779357
3955  965985247
3956  967115180
3957  967257723
3958  967357384
3959  967487626
3960  967490632
3961  967583712
3962  967693113
3963  968263584
3964  968407674
3965  968577973
3966  968660131
3967  968900328
3968  969231136
3969  969973696
3970  970223367
3971  970261123
3972  970270134
3973  970273238
3974  970335638
3975  970367123
3976  970482681
3977  970612211
3978  971464596
3979  971597421
3980  971728477
3981  971751122
3982  971764809
3983  971804926
3984  972591221
3985  972636286
3986  972652769
3987  972817819
3988  973186392
3989  973366611
3990  973469914
3991  973538350
3992  973650369
3993  974263370
3994  974725597
3995  974859196
3996  975154263
3997  975169154
3998  975240376
3999  975613654
4000  975749596
4001  976666908
4002  976878509
4003  977832831
4004  978171209
4005  978348801
4006  978800998
4007  979151806
4008  979469273
4009  979475143
4010  979599189
4011  980269654
4012  980336656
4013  980396229
4014  980456813
4015  980713332
4016  980755495
4017  981234413
4018  981325586
4019  981823908
4020  981859550
4021  981918128
4022  982979723
4023  983380185
4024  983608453
4025  983660865
4026  983939238
4027  984408239
4028  984851892
4029  985477330
4030  986551379
4031  986660642
4032  986726965
4033  986814158
4034  987147154
4035  987309223
4036  987358564
4037  987639138
4038  987931773
4039  987994118
4040  988111540
4041  988167757
4042  989137396
4043  989272945
4044  989439124
4045  989557659
4046  989692334
4047  989817234
4048  990505458
4049  990549267
4050  990788290
4051  990866559
4052  990962292
4053  991153404
4054  991284401
4055  991506767
4056  991526378
4057  991588866
4058  991607522
4059  991645414
4060  991983373
4061  992184929
4062  992824456
4063  992847429
4064  993288583
4065  993331170
4066  993684607
4067  993865262
4068  994179219
4069  994440412
4070  994965972
4071  995161487
4072  995491575
4073  995762267
4074  995916777
4075  996213969
4076  996320191
4077  996424355
4078  996838608
4079  996934823
4080  997250860
4081  997773210
4082  997905787
4083  997915375
4084  998451397
4085  998535840
4086  998578581
4087  998588785
4088  998644139
4089  998821492
4090  998837111
4091  999227446
4092  999240885
4093  999530742
4094  999781482
4095  999795938
