0  233306593
1  323675537
2  154971310
3  342791410
4  566318139
5  302387421
6  715793295
7  785810347
8  885167719
9  552728980
10  948801922
11  839205508
12  202508859
13  333366447
14  185926183
15  746667848
16  364803476
17  842610874
18  630833315
19  886908689
20  915717435
21  339295736
22  251244185
23  291723192
24  503493979
25  593511537
26  817586290
27  145674867
28  699804623
29  540366771
30  146723933
31  353679577
32  512172561
33  741744344
34  439872243
35  685336409
36  784228191
37  231119261
38  633743412
39  567259143
40  550768871
41  744863136
42  158967982
43  262357263
44  417231457
45  116789350
46  504167152
47  553559429
48  386811179
49  812433811
50  968505450
51  113720777
52  792946834
53  366586532
54  479715387
55  122457298
56  514293173
57  488737381
58  169532156
59  594747587
60  663324115
61  483661814
62  634951986
63  374194287
64  490882592
65  429281589
66  330901446
67  899959228
68  730463974
69  340443352
70  945788606
71  403139138
72  737199886
73  293749218
74  483753776
75  489275182
76  313627897
77  359753931
78  448854352
79  750997803
80  195863120
81  704936515
82  329278515
83  517233750
84  798463562
85  841608216
86  233968972
87  938344647
88  975758852
89  822472972
90  903379539
91  234478415
92  222960800
93  553639250
94  770957844
95  564276815
96  490359595
97  888797488
98  830957548
99  274883478
100  569478488
101  309470753
102  149605879
103  963461860
104  368576712
105  480702723
106  490232979
107  382653692
108  277487955
109  112683463
110  867651658
111  788872241
112  414728222
113  627158450
114  115338257
115  340769145
116  334383628
117  877381145
118  247903339
119  143507750
120  852387824
121  215748122
122  964623962
123  192613586
124  127235899
125  625999685
126  214409937
127  919441689
128  811220902
129  445290353
130  947500668
131  716599635
132  577502587
133  336113838
134  327956446
135  453827302
136  373973723
137  304315704
138  948823208
139  527137571
140  165261837
141  842274718
142  360342529
143  446325584
144  507942837
145  183113387
146  248185285
147  826587794
148  799299168
149  868598361
150  659754173
151  549795889
152  493610737
153  586985541
154  126807789
155  262860585
156  352766452
157  969824121
158  452949146
159  234814865
160  204436226
161  744983689
162  241970516
163  764313443
164  874260870
165  247722180
166  810142276
167  195562912
168  891859441
169  552614687
170  246709994
171  313388389
172  441663793
173  853289996
174  879146932
175  967230374
176  675533197
177  766953554
178  937782303
179  869200726
180  145832140
181  322851470
182  123184729
183  977773345
184  347960387
185  701647444
186  867676635
187  820906792
188  965346933
189  716636691
190  843994120
191  813989653
192  699603251
193  133570933
194  722704286
195  306596660
196  925501734
197  635892708
198  212591428
199  950113192
200  138720186
201  618765127
202  754947382
203  214381973
204  277636478
205  994121929
206  471863393
207  877931831
208  585182253
209  470832608
210  149378995
211  837987266
212  363957654
213  667391153
214  126327978
215  569240812
216  201473496
217  207756652
218  240941708
219  282790201
220  365209300
221  404744533
222  665296582
223  322407641
224  111585916
225  651596464
226  121263784
227  315593411
228  804970491
229  832782230
230  229493173
231  247536860
232  875168454
233  420353325
234  184498856
235  272842746
236  343272602
237  602354470
238  270819971
239  293589893
240  519449712
241  834365540
242  972714368
243  276498628
244  499424461
245  792159555
246  671485492
247  701620185
248  458728306
249  932347279
250  419346689
251  691274473
252  226961239
253  324352780
254  754967468
255  315395659
