0  982658533
1  683387268
2  954543270
3  790953397
4  792520349
5  129125195
6  474673814
7  446952987
8  378598251
9  959608539
10  253621981
11  985581371
12  321308320
13  985737807
14  775858449
15  779887885
16  596451491
17  155416518
18  497985371
19  428761135
20  261644461
21  984616271
22  135664572
23  227723330
24  958300623
25  486329207
26  889186438
27  842913492
28  176354292
29  824552619
30  214917248
31  217293585
32  723517310
33  777900198
34  389129678
35  289112846
36  222316945
37  946596208
38  174416503
39  769631794
40  646222664
41  697936830
42  354186257
43  806269433
44  252681801
45  944615252
46  411341727
47  661742991
48  363612459
49  315684365
50  860898203
51  578191967
52  453136301
53  550785989
54  605602834
55  919878342
56  641701399
57  590231937
58  857683701
59  112965330
60  890814826
61  889320535
62  977137646
63  589780737
64  204698793
65  201736568
66  784619799
67  188594736
68  807891809
69  945680370
70  920670467
71  809220637
72  575865547
73  788726198
74  750449727
75  484845201
76  389576518
77  288688452
78  428212533
79  898857882
80  558137892
81  423307461
82  933765522
83  622805260
84  397992259
85  298306962
86  199456373
87  573886526
88  512244728
89  956716783
90  971224498
91  136366674
92  294191531
93  986774778
94  590461620
95  937121543
96  570459170
97  514327791
98  282831965
99  352306489
100  494497544
101  631313176
102  755798643
103  671551851
104  161772423
105  542990992
106  705405971
107  470908163
108  804883846
109  791427505
110  472234814
111  627698168
112  473255759
113  398441317
114  914458247
115  141693914
116  691578265
117  165535730
118  989700580
119  221934714
120  236541115
121  387595546
122  515252938
123  323686555
124  603777742
125  550771737
126  177726535
127  942306881
128  917464236
129  368396351
130  119799974
131  713438916
132  256309922
133  648868712
134  943230569
135  521148128
136  905230599
137  546117811
138  923390430
139  143176182
140  396210538
141  688740851
142  480615465
143  448338622
144  908424734
145  666115914
146  910173434
147  186200252
148  266201154
149  352962660
150  504737530
151  194675998
152  608166671
153  113752330
154  973759306
155  664304282
156  959802546
157  547604247
158  392232733
159  987381737
160  567491278
161  575696199
162  551884472
163  388754293
164  910502214
165  758838347
166  754120385
167  228561602
168  729794405
169  508596878
170  241943307
171  606635125
172  454856666
173  885669601
174  808117385
175  150462597
176  472368885
177  400306887
178  562434595
179  351162306
180  564928441
181  817347415
182  387677164
183  648124719
184  357238349
185  860709699
186  189411680
187  704743932
188  991284974
189  808606238
190  919246643
191  641639245
192  597586899
193  947885722
194  218119227
195  975994466
196  843619541
197  347406178
198  509425597
199  485392344
200  573355610
201  268637581
202  839383118
203  112303376
204  597561693
205  899946972
206  842487689
207  222207231
208  167703306
209  936629217
210  315562336
211  811627569
212  719655283
213  254168125
214  407700164
215  536793239
216  608490317
217  947921506
218  232616423
219  448710168
220  683393684
221  914255311
222  330967174
223  812843566
224  282670193
225  663287856
226  477530727
227  338877617
228  950338887
229  336428116
230  827534534
231  410382355
232  981488881
233  694522143
234  361149633
235  541480947
236  288114250
237  253309838
238  634376326
239  339975564
240  211410931
241  439743606
242  522842138
243  798344929
244  349844905
245  791537870
246  252682424
247  152996945
248  810408767
249  356608453
250  420815677
251  732670476
252  631528531
253  716980392
254  672511361
255  194725201
256  655170115
257  944673751
258  305147151
259  728224448
260  460364276
261  132658133
262  464167783
263  460991757
264  181618919
265  244577368
266  309993949
267  924917714
268  366317151
269  515590290
270  919280378
271  628456479
272  795498534
273  266725396
274  185483201
275  375969649
276  444676274
277  631975249
278  665563942
279  882548553
280  386245536
281  982437810
282  618527775
283  685297803
284  900349522
285  957694860
286  854743177
287  347254579
288  430294997
289  351427246
290  241637846
291  147357300
292  349770697
293  284511276
294  498379501
295  153496665
296  823563852
297  817780478
298  816436897
299  235202848
300  247454737
301  461223633
302  309766125
303  654894519
304  437469996
305  628571288
306  368425570
307  316315135
308  827867839
309  269915634
310  392233803
311  113508845
312  766646276
313  535338387
314  479859284
315  782259863
316  386415833
317  992900640
318  718804862
319  742518722
320  593736170
321  122641904
322  362932944
323  484414143
324  812626870
325  472328794
326  648654728
327  973964597
328  964141716
329  255139151
330  538130155
331  950831620
332  723830490
333  152738316
334  249191351
335  307822602
336  298213428
337  610943804
338  533526509
339  445242949
340  540744138
341  593591651
342  762285972
343  898769182
344  442996300
345  542675232
346  578204143
347  927950248
348  121531405
349  943732763
350  772545455
351  925925427
352  578183846
353  994159677
354  654681328
355  268145589
356  114276702
357  501234860
358  548919327
359  676750953
360  790204463
361  852997400
362  584152287
363  153832457
364  402750978
365  413142283
366  700786417
367  178145528
368  877766159
369  445644880
370  179726908
371  660169850
372  498654444
373  966785782
374  606369613
375  388443117
376  796555958
377  509574571
378  905322125
379  719573596
380  609762890
381  688253682
382  430398524
383  253866762
384  809502940
385  155910127
386  251360642
387  637291864
388  431963265
389  444906736
390  130672290
391  895349741
392  981968589
393  718282792
394  197903549
395  847752790
396  279150629
397  809550649
398  139672546
399  807907608
400  496510662
401  627924926
402  491897220
403  676633781
404  711194643
405  768288820
406  312205519
407  632639418
408  524757481
409  456472687
410  720506233
411  716492753
412  546419675
413  244199675
414  535227590
415  703590905
416  801650695
417  388297523
418  365395957
419  897808197
420  995384690
421  252263120
422  752367825
423  539736631
424  787121492
425  640547962
426  307695291
427  893350661
428  818258582
429  782305343
430  515190816
431  523176912
432  624501423
433  768921531
434  416614302
435  915759674
436  144745678
437  396594494
438  951984824
439  325550241
440  962368318
441  409847569
442  720501318
443  405766974
444  387601220
445  645201848
446  324478522
447  506458293
448  806987266
449  930459413
450  717259456
451  811739876
452  382302856
453  518331941
454  903404210
455  240581792
456  327442367
457  651195491
458  492706628
459  640378772
460  178142367
461  808329133
462  126905642
463  768199370
464  800656250
465  619567755
466  838404577
467  981270728
468  916396911
469  389192499
470  704284871
471  515988516
472  119203941
473  408565277
474  628255588
475  744809503
476  559889150
477  653694228
478  978776932
479  763797402
480  542738357
481  139649315
482  187267705
483  585757498
484  569463828
485  324505118
486  501237384
487  198300386
488  585139321
489  155712680
490  367664738
491  255675310
492  804908819
493  474317862
494  744254180
495  645915975
496  418146742
497  952477186
498  273869187
499  296525381
500  167160857
501  400786843
502  213199747
503  672710666
504  178951189
505  874692578
506  715287724
507  470886626
508  836875499
509  683632837
510  538317883
511  357393937
512  217534692
513  439550193
514  860420201
515  885998730
516  974995712
517  409731232
518  648791470
519  295171614
520  618608762
521  469836873
522  984621161
523  862293372
524  808119525
525  135761144
526  754579701
527  473843911
528  876298753
529  257154788
530  955394539
531  892828992
532  858686572
533  724562456
534  664737640
535  844359878
536  879141772
537  464682404
538  147309248
539  304739858
540  833533699
541  529271451
542  523267175
543  277293728
544  515634785
545  459889204
546  423918466
547  541435328
548  224386906
549  623739508
550  834394831
551  366688145
552  852327478
553  129737356
554  765444823
555  864803415
556  938429532
557  288291490
558  735733789
559  132892914
560  881553578
561  218923787
562  209234853
563  176835364
564  335841923
565  146920246
566  867449589
567  139548331
568  161636617
569  509405286
570  672728698
571  524975214
572  277614355
573  877803855
574  576848492
575  947250890
576  961411822
577  224158448
578  534764964
579  232173343
580  482440449
581  836172996
582  593111671
583  948554575
584  422712590
585  845754264
586  336835563
587  898321792
588  397933778
589  544623416
590  672529654
591  716673327
592  259605421
593  609722131
594  606440711
595  320306252
596  622655650
597  118633685
598  690759223
599  271221885
600  512232727
601  823667697
602  266255536
603  976903893
604  643226251
605  264280602
606  131450699
607  577625520
608  414269902
609  411185720
610  232171628
611  329918812
612  328162326
613  157998934
614  127575431
615  236983844
616  471512471
617  534503535
618  357285249
619  269623467
620  653111228
621  906847291
622  716362736
623  980284921
624  212290787
625  715697613
626  181377178
627  147380507
628  159918316
629  709425542
630  934870551
631  361958336
632  840162253
633  716661403
634  370839738
635  810444655
636  844637576
637  158604601
638  697584905
639  244238756
640  130740782
641  304172247
642  618320905
643  385297390
644  228738802
645  876655527
646  571834157
647  945117788
648  340897563
649  290658289
650  900526465
651  391919950
652  223759170
653  367725423
654  298570437
655  128944529
656  394461689
657  456899169
658  951748817
659  576895487
660  801527774
661  977665299
662  399692903
663  747130939
664  794520535
665  910250654
666  312312613
667  399388191
668  408337799
669  380926947
670  767415944
671  586292326
672  952845134
673  208754362
674  680424558
675  785234912
676  492555530
677  984810926
678  434646246
679  395776631
680  235637827
681  200659242
682  545823754
683  207146586
684  653863280
685  212445944
686  920548274
687  998164553
688  810335580
689  651144480
690  650931993
691  569651313
692  300931633
693  370762394
694  471467838
695  564800636
696  374779797
697  862866743
698  856139201
699  562737960
700  481740679
701  378180407
702  532706880
703  916824636
704  658372956
705  317707820
706  843663987
707  843601664
708  139177610
709  749372572
710  422600947
711  300294606
712  592283637
713  615876164
714  965769517
715  380260268
716  541697278
717  468357147
718  947522619
719  905380627
720  941910697
721  226334895
722  866379447
723  808970502
724  589658317
725  631659822
726  162243658
727  161542172
728  199540561
729  926929919
730  262707790
731  918830493
732  544853273
733  757768868
734  724135750
735  746200684
736  809391711
737  567112425
738  802263395
739  707986863
740  196931157
741  210457893
742  896217957
743  285680318
744  681778290
745  114195785
746  186407264
747  255276514
748  372546427
749  915345720
750  563664164
751  920834642
752  748146814
753  270620445
754  807898289
755  907855557
756  267664548
757  967472379
758  806153638
759  854844552
760  222435651
761  825680488
762  769825723
763  147500394
764  683335689
765  219309860
766  216240571
767  166190370
768  400194205
769  408997473
770  556820261
771  471450827
772  649984483
773  420436468
774  230864606
775  300235143
776  891151509
777  207463624
778  342994488
779  384453582
780  725702270
781  194330592
782  371199373
783  788237628
784  679837228
785  229573142
786  745176463
787  423942499
788  456384560
789  599232602
790  736769270
791  213125888
792  376211286
793  170904991
794  972644354
795  299178367
796  582366666
797  140651380
798  202601336
799  993502490
800  947232155
801  810475296
802  137434519
803  168187390
804  828153524
805  533232739
806  773295322
807  620285721
808  823504150
809  883137174
810  934558765
811  123773248
812  512956155
813  773784936
814  129840908
815  582701621
816  898450951
817  448943433
818  225798131
819  759954741
820  720405645
821  654892175
822  983585158
823  581715802
824  694254750
825  734399856
826  266764646
827  703539508
828  407873122
829  131248388
830  267619265
831  663831699
832  386834176
833  979909186
834  254714700
835  670477920
836  796557275
837  608691684
838  723280638
839  958862407
840  693262898
841  113635759
842  236246655
843  677684177
844  142220460
845  924310975
846  900562519
847  571127282
848  920521838
849  769625568
850  229979206
851  471840935
852  609310750
853  876151398
854  716576761
855  819347565
856  939206835
857  744535749
858  250849503
859  758192666
860  686515798
861  699397769
862  162523305
863  882202159
864  561176181
865  892886380
866  511413304
867  760816743
868  978255147
869  835418622
870  347239799
871  590453872
872  183142930
873  701877857
874  628516823
875  276248415
876  383969218
877  843604878
878  360200599
879  842705806
880  862190833
881  791954755
882  763524942
883  478279875
884  281953613
885  759437482
886  926899485
887  491543708
888  333850509
889  341698514
890  654499718
891  570903444
892  899628531
893  323776719
894  822742754
895  500166448
896  501511495
897  273814933
898  174137468
899  181423606
900  251997595
901  140722433
902  970302776
903  895184619
904  726367488
905  374324542
906  207623146
907  902396760
908  959608906
909  476982646
910  924284867
911  413416985
912  442499781
913  626771895
914  478326539
915  235187358
916  627535516
917  315923212
918  605642119
919  125767370
920  621570927
921  812815455
922  356278276
923  952473973
924  638141758
925  666725398
926  681255111
927  222591486
928  864411855
929  259256954
930  198945771
931  524525884
932  257987589
933  634667322
934  655291144
935  146650950
936  818149490
937  301898845
938  160789648
939  673754125
940  814480739
941  537808212
942  853526379
943  273391507
944  747983560
945  271735959
946  979720219
947  550321337
948  747945146
949  962818979
950  442739175
951  949716350
952  215931739
953  916857429
954  313313171
955  120871223
956  353410667
957  355384919
958  495265157
959  566439857
960  759618142
961  594330387
962  686914650
963  281797692
964  718592407
965  500122822
966  173224997
967  250902386
968  195228374
969  258744965
970  572283767
971  445554993
972  514674518
973  353872351
974  480452460
975  218592460
976  684927600
977  994146988
978  490584926
979  641789115
980  471651120
981  690771679
982  653928131
983  587948696
984  938713799
985  182325878
986  752295230
987  556365487
988  603760254
989  434319552
990  174406358
991  347548749
992  285866209
993  268421771
994  261616528
995  929516923
996  687828493
997  342889249
998  839825569
999  133725500
1000  223726754
1001  670718682
1002  676866830
1003  767904770
1004  986903696
1005  910237762
1006  820302245
1007  872701803
1008  154509226
1009  271376716
1010  953264409
1011  440537915
1012  366162460
1013  938326589
1014  984254830
1015  921477702
1016  143223981
1017  306664159
1018  673236516
1019  236366766
1020  778273306
1021  687492812
1022  561755921
1023  734972503
