0  157514522
1  309844160
2  376808172
3  849325837
4  853680322
5  514380674
6  705861269
7  949262458
8  717112892
9  819189736
10  128556883
11  478474681
12  973887117
13  916791455
14  376505249
15  270258866
16  297813453
17  530935709
18  413180579
19  457390408
20  982883842
21  728843147
22  975121939
23  352575808
24  747803946
25  449821378
26  641230169
27  767234318
28  112961515
29  651274232
30  498193376
31  303474216
32  553203977
33  616805871
34  114297722
35  267468711
36  225543159
37  237735179
38  284945842
39  498143839
40  329803848
41  512474156
42  399240442
43  266330819
44  841607586
45  611782543
46  748297449
47  449165114
48  969509180
49  653224465
50  383565789
51  509514210
52  936799736
53  241548518
54  832226240
55  648212704
56  181614142
57  671287919
58  880178345
59  653444193
60  617776992
61  630729854
62  524214913
63  114327374
64  613577489
65  710317594
66  501117121
67  369654197
68  709312191
69  901200723
70  880619985
71  588714190
72  732152469
73  188513334
74  844491646
75  511233902
76  815818267
77  878405813
78  525637676
79  221929939
80  596312756
81  424368688
82  135841489
83  358923804
84  218822153
85  550249139
86  680722398
87  988866212
88  426502717
89  281247861
90  123434777
91  497312555
92  343858236
93  181926849
94  832351892
95  534263830
96  346894428
97  119701895
98  444991726
99  130443606
100  128138132
101  983489274
102  161260632
103  560780624
104  783207917
105  938557702
106  727943200
107  650314651
108  575882789
109  447271366
110  364774862
111  625488409
112  127690903
113  898744639
114  114752126
115  348722773
116  190985288
117  325663952
118  424555259
119  237943817
120  772302554
121  748527240
122  710290156
123  472266310
124  866444596
125  643610494
126  520208928
127  355619312
128  873165934
129  162777883
130  537161436
131  499261210
132  594950501
133  613947680
134  531187461
135  330643583
136  969617206
137  557898121
138  752405962
139  187163821
140  551296901
141  596274777
142  205539152
143  484818298
144  609975780
145  474631535
146  816745755
147  766894743
148  672567599
149  785388907
150  774531552
151  891738961
152  736490483
153  635232564
154  820876965
155  819839656
156  190819395
157  438452516
158  367984474
159  850191597
160  503460406
161  765548995
162  914778672
163  339886338
164  896502836
165  192442560
166  368540362
167  906199922
168  476784850
169  653341453
170  646941953
171  864364389
172  892220914
173  327595147
174  404722209
175  473576359
176  401891206
177  228756789
178  482330362
179  317874454
180  439121713
181  995479182
182  831885329
183  689390621
184  450284111
185  793539227
186  836734195
187  833761892
188  608601664
189  161657953
190  304268737
191  696411292
192  187422335
193  972311354
194  854223425
195  488155669
196  435882466
197  120685639
198  760762202
199  189595354
200  758502309
201  945655324
202  808234206
203  295337628
204  828296929
205  813952329
206  220156259
207  834802219
208  508165940
209  607734493
210  318605844
211  955459805
212  528849161
213  541247169
214  240144271
215  489522410
216  276431606
217  180374503
218  413505280
219  644395709
220  454832825
221  160329643
222  184162487
223  805153181
224  467736596
225  730529813
226  309271182
227  709330138
228  995879789
229  179879186
230  422631713
231  853916641
232  956582793
233  644344720
234  664361502
235  360621661
236  462677702
237  810847573
238  595281140
239  602231918
240  381695596
241  540224460
242  803204390
243  895176792
244  557783810
245  661315934
246  714726400
247  210338701
248  549540257
249  681361188
250  271397195
251  324327440
252  323787844
253  533383276
254  650433120
255  756802794
256  344829598
257  493945619
258  799733792
259  464465472
260  916307319
261  151528951
262  263117189
263  688734128
264  827324225
265  628745917
266  948421175
267  854964128
268  505898158
269  873458720
270  736955934
271  794998197
272  212573506
273  744192810
274  814878728
275  204917942
276  377629498
277  447332968
278  208918586
279  721664224
280  695490692
281  761651692
282  525942551
283  405235171
284  155126853
285  121635356
286  487530262
287  335424129
288  188131426
289  350957500
290  196856917
291  296233874
292  160892791
293  211312955
294  222275332
295  226868722
296  351434636
297  504700651
298  657727959
299  751205450
300  627493527
301  792889547
302  783467907
303  848777506
304  297190647
305  294759341
306  526897250
307  666370524
308  950593149
309  269619986
310  895485804
311  941534636
312  366287787
313  670800700
314  828456401
315  847659505
316  749547903
317  181310447
318  549233626
319  663482389
320  345114202
321  903768366
322  230976845
323  566296425
324  950303165
325  411445821
326  907589151
327  826842399
328  505607159
329  654355865
330  349903254
331  874465773
332  603534166
333  628875920
334  528215969
335  779129870
336  908450908
337  175684714
338  415123763
339  331395210
340  429762856
341  501521257
342  676909241
343  364854173
344  718204980
345  921532245
346  617121434
347  542340909
348  346716949
349  588820816
350  206157651
351  647898856
352  249354471
353  983236711
354  123353972
355  567532751
356  412161887
357  184803362
358  300986537
359  243792198
360  975292523
361  580151542
362  244387888
363  724786636
364  945447893
365  316452241
366  696529603
367  166612203
368  641361201
369  621798615
370  743395487
371  872661426
372  368473197
373  895820273
374  284187728
375  836986762
376  470393355
377  384879820
378  255811547
379  867151354
380  462948740
381  452964277
382  899345380
383  285424447
384  200816926
385  571152319
386  787741525
387  674917314
388  847306488
389  741534851
390  872964832
391  238195140
392  271216449
393  297445138
394  474344339
395  123825342
396  619811122
397  187596278
398  777543674
399  438464593
400  610458403
401  223962579
402  795449795
403  991442337
404  138208739
405  317432955
406  746581391
407  603651910
408  856506950
409  603247440
410  655804746
411  475564478
412  557304441
413  807838511
414  557286986
415  914962367
416  474704158
417  547583584
418  767274993
419  705268635
420  598214987
421  130226975
422  428977990
423  355154898
424  188863220
425  466485304
426  191739374
427  238469964
428  217434645
429  572539974
430  944348620
431  935684458
432  505658247
433  496814959
434  779235501
435  346124765
436  357588773
437  567602892
438  716615377
439  385303145
440  923966658
441  968892237
442  614735879
443  632500648
444  449897637
445  784965984
446  442425685
447  640331943
448  688131737
449  148491943
450  423842917
451  923295821
452  908382252
453  722890884
454  248536307
455  591227735
456  594688284
457  356451620
458  877208580
459  404342286
460  561162339
461  417564429
462  258870495
463  435727254
464  632878545
465  427925523
466  316792292
467  194837254
468  602588409
469  906830779
470  667659796
471  981758800
472  847806840
473  504919907
474  741674141
475  893762869
476  190530940
477  157513476
478  721389979
479  564636981
480  307224825
481  524278775
482  913982852
483  398268885
484  962167248
485  836269290
486  250748594
487  253581842
488  945570248
489  135692484
490  116257135
491  274284412
492  543854164
493  963115377
494  617185705
495  583407447
496  507414114
497  537257151
498  963305839
499  845630660
500  555971301
501  612281875
502  727904842
503  208395773
504  516969224
505  522502800
506  418129241
507  509226653
508  815572617
509  870715366
510  327512803
511  458413829
512  803725148
513  293380294
514  266944947
515  556712718
516  428213192
517  444848758
518  522885335
519  629977392
520  423762892
521  232195254
522  991300232
523  722236286
524  177195235
525  537826974
526  404760619
527  932271749
528  514343354
529  208855918
530  900468115
531  138463924
532  510221383
533  994446996
534  179719706
535  656358122
536  437508506
537  440873378
538  717714451
539  326662525
540  804875631
541  300687976
542  901821850
543  297959577
544  710240122
545  236773421
546  225681307
547  481211215
548  350786359
549  802583874
550  429289410
551  276773971
552  732760119
553  194784230
554  784465130
555  151115629
556  850201836
557  900948534
558  963810471
559  473977368
560  502481667
561  607488286
562  619240775
563  689116505
564  604135630
565  962309915
566  375822677
567  669884697
568  326636751
569  953891421
570  716934656
571  622135142
572  770534961
573  786860532
574  947775133
575  755124204
576  689434808
577  895574492
578  934332938
579  598259174
580  474506926
581  126127315
582  769539394
583  368575244
584  618199699
585  845893283
586  371304335
587  212457780
588  238481124
589  524798755
590  625535599
591  942486300
592  932272371
593  884775995
594  661190745
595  862113265
596  961479672
597  829169211
598  544470896
599  183155924
600  768802700
601  985470388
602  169511207
603  229245299
604  535436363
605  739810505
606  916414437
607  806936585
608  364433402
609  402347302
610  279625884
611  643284636
612  783674725
613  317563222
614  605865482
615  879581192
616  974621231
617  991389602
618  926725951
619  849743717
620  570654624
621  426227728
622  307705553
623  451670537
624  467566220
625  949834143
626  715693979
627  619829184
628  782654182
629  790111698
630  473394594
631  861764253
632  921709768
633  360957823
634  394383969
635  200277284
636  668960804
637  226790415
638  661488606
639  513561438
640  227394565
641  958433606
642  764323704
643  166205377
644  340944271
645  873215158
646  183190842
647  204711404
648  252404168
649  584710180
650  354665784
651  295698686
652  366724953
653  487526261
654  453646624
655  750974692
656  538188756
657  346202236
658  506803250
659  118324255
660  645571141
661  789257705
662  615379367
663  624722939
664  184966390
665  301700309
666  593160473
667  144128788
668  943596989
669  596962732
670  329162849
671  764969786
672  746352967
673  593203320
674  488420937
675  191168472
676  219345120
677  924625139
678  804814983
679  747482462
680  561985347
681  978532747
682  542407905
683  799273422
684  283580665
685  981480625
686  788641440
687  354684264
688  136508651
689  785112163
690  948659479
691  609704853
692  344151807
693  152263667
694  703153288
695  135547924
696  585532319
697  777744806
698  253666537
699  630817728
700  482758553
701  156261223
702  999961855
703  747416742
704  199859175
705  122586852
706  125328317
707  159420607
708  203580997
709  238705380
710  382909264
711  916405350
712  434248142
713  495864298
714  369555965
715  232535441
716  569371618
717  279314113
718  563152498
719  134334912
720  646371145
721  553688537
722  450603640
723  361999589
724  534215705
725  996711957
726  764278782
727  632608189
728  715411577
729  489147911
730  687135546
731  638419177
732  540203439
733  900839525
734  738799911
735  863825708
736  785693738
737  638649242
738  901680728
739  343938471
740  555945490
741  243804785
742  167635816
743  211200562
744  155914738
745  507842323
746  779902459
747  856749373
748  309257950
749  828801399
750  729115129
751  149180627
752  123654276
753  487317778
754  387790957
755  763726744
756  328313803
757  250955884
758  865373472
759  124490503
760  777846599
761  940290567
762  831421746
763  251917739
764  442868994
765  519565543
766  197202909
767  188660832
768  613424155
769  185642425
770  395776731
771  709269398
772  372874798
773  853169443
774  436720423
775  484709710
776  113248193
777  618285359
778  224165897
779  556798490
780  596905954
781  133848551
782  111520922
783  269711327
784  283595602
785  284223495
786  640561359
787  483771452
788  208522213
789  177261332
790  732760627
791  504387214
792  454319867
793  976691676
794  168532602
795  116592465
796  760766831
797  899398788
798  693653967
799  789143258
800  182878796
801  623220219
802  168248387
803  280371861
804  887572733
805  333750160
806  871321280
807  873466670
808  548227280
809  820566896
810  749942713
811  466791692
812  465967589
813  269288603
814  492661761
815  439483938
816  662203971
817  928268774
818  380721801
819  801857375
820  505665241
821  766222527
822  128697714
823  306855472
824  794871639
825  342527432
826  510183188
827  326493215
828  647199757
829  252195692
830  673536291
831  741997932
832  471356373
833  908218555
834  929827366
835  174635559
836  135630540
837  645353567
838  434819155
839  452267324
840  274164404
841  223314467
842  877447731
843  652175632
844  326119747
845  915905791
846  910166174
847  168953340
848  387125640
849  607358990
850  839375401
851  273809554
852  891197581
853  230687477
854  892520427
855  545513909
856  668866735
857  947790500
858  150813950
859  155757978
860  753243860
861  860864779
862  138334731
863  222344490
864  407716827
865  503876781
866  629377555
867  705432611
868  319121379
869  201499328
870  281370307
871  148877707
872  498779132
873  490348217
874  197527355
875  483916230
876  183197586
877  486325398
878  944761554
879  178630621
880  338515803
881  701942462
882  120341556
883  954428269
884  511990210
885  483920796
886  708386201
887  660883278
888  316710745
889  387353599
890  721494375
891  723734201
892  437706755
893  188943495
894  786222807
895  499624509
896  796777580
897  535575952
898  312271688
899  213884875
900  566670707
901  469594976
902  848882333
903  452256958
904  753514345
905  363646469
906  234954362
907  927262423
908  399384694
909  831281185
910  214309731
911  755287570
912  111512541
913  305610869
914  555376865
915  275383970
916  256227424
917  772468381
918  985147322
919  164542260
920  340440425
921  717671519
922  727306879
923  301639157
924  302142740
925  666664764
926  289196546
927  874941674
928  521642258
929  613264302
930  169925985
931  801677712
932  490481744
933  768717177
934  198649945
935  526136602
936  799484947
937  886962229
938  525418360
939  227507763
940  931120175
941  888387213
942  790297651
943  856291889
944  914665372
945  556271529
946  832173261
947  943805943
948  115689782
949  862958996
950  759737792
951  412201640
952  169346964
953  567951632
954  608751664
955  411667469
956  674282253
957  279164920
958  930320326
959  477132677
960  466414271
961  356690428
962  817933368
963  197248375
964  827810391
965  545734238
966  241328806
967  624333188
968  120293862
969  946970470
970  391608190
971  767882427
972  694383719
973  748169368
974  726255747
975  405479640
976  643259723
977  569114886
978  314264327
979  277663381
980  168205126
981  272494926
982  371241197
983  806166827
984  736482425
985  609694614
986  219378571
987  993986760
988  458326304
989  836260250
990  966601127
991  273938848
992  731463427
993  657470327
994  365477664
995  769527384
996  630132343
997  154547117
998  264768333
999  435881149
1000  971435329
1001  204510336
1002  590742429
1003  804844127
1004  490122876
1005  631842347
1006  899544921
1007  665283795
1008  337875158
1009  862372146
1010  943230588
1011  872681630
1012  607810255
1013  563527936
1014  206371909
1015  434465115
1016  408520584
1017  632331725
1018  588856663
1019  912466285
1020  824120291
1021  468538140
1022  476991531
1023  295496263
1024  378276460
1025  516811470
1026  779704874
1027  133506499
1028  588610199
1029  963359482
1030  986861420
1031  351662542
1032  627782638
1033  484980316
1034  142616998
1035  705591324
1036  838710629
1037  135616813
1038  838457159
1039  807507809
1040  887666330
1041  182805653
1042  639368413
1043  824920889
1044  454353846
1045  760510338
1046  818503956
1047  615595597
1048  838146216
1049  564712281
1050  374872969
1051  761758590
1052  880148281
1053  365497905
1054  719248582
1055  258610283
1056  348618637
1057  971918882
1058  756669361
1059  168553494
1060  599350741
1061  290407815
1062  378970674
1063  589677542
1064  406198835
1065  953904329
1066  393353649
1067  269673986
1068  201225519
1069  264277339
1070  741368980
1071  204913911
1072  494469388
1073  842703252
1074  790786935
1075  589532360
1076  868627603
1077  279326422
1078  635459884
1079  200537185
1080  721703543
1081  715313319
1082  943205741
1083  183812311
1084  986779385
1085  581309139
1086  706754942
1087  205403255
1088  548869641
1089  529679781
1090  944518748
1091  157128275
1092  666135750
1093  414841786
1094  383762803
1095  413136864
1096  967853767
1097  913114112
1098  695276396
1099  765352428
1100  959686988
1101  247149490
1102  210223423
1103  335483701
1104  252360918
1105  209288286
1106  918264589
1107  941545412
1108  949390302
1109  832266139
1110  796642704
1111  271755479
1112  135619800
1113  267446166
1114  653736729
1115  420829376
1116  968611755
1117  284947459
1118  381514860
1119  381743922
1120  469662949
1121  621776719
1122  250849464
1123  214692136
1124  515755454
1125  826455779
1126  822489745
1127  304510438
1128  278989831
1129  566761875
1130  315269722
1131  866258538
1132  513316623
1133  719840364
1134  544921448
1135  458582165
1136  984682390
1137  866840141
1138  454327836
1139  322828268
1140  284814124
1141  325547917
1142  831512793
1143  456422422
1144  273620255
1145  690937498
1146  313229510
1147  117476702
1148  374534309
1149  687253489
1150  993535826
1151  717829245
1152  860661690
1153  663668180
1154  285932571
1155  274129253
1156  480722750
1157  642875864
1158  293720286
1159  692573249
1160  729257697
1161  496220467
1162  845544818
1163  840497668
1164  558265201
1165  805467526
1166  916768964
1167  927398824
1168  308892741
1169  323499159
1170  908283954
1171  922712803
1172  718289540
1173  741145581
1174  936236349
1175  711969998
1176  277293256
1177  546889530
1178  772704915
1179  154799587
1180  252305801
1181  853801831
1182  404614293
1183  455721893
1184  279270290
1185  581608115
1186  291112465
1187  979747176
1188  364972923
1189  388344550
1190  605581970
1191  932736902
1192  492600208
1193  412216111
1194  234998608
1195  776124559
1196  352165547
1197  519864976
1198  543429968
1199  764363906
1200  903589139
1201  795242378
1202  396904454
1203  557268621
1204  652133540
1205  506876198
1206  976938841
1207  553633531
1208  654632532
1209  689466951
1210  634575337
1211  965779343
1212  867959595
1213  613768759
1214  965755594
1215  178587333
1216  567796226
1217  308643786
1218  561340789
1219  622508476
1220  207409427
1221  340181809
1222  429154885
1223  828740596
1224  257409384
1225  154612723
1226  660717125
1227  830213595
1228  654672359
1229  520985903
1230  964512447
1231  458879802
1232  466515217
1233  826573265
1234  124247723
1235  930560867
1236  484782169
1237  859273271
1238  596895536
1239  838925398
1240  752481349
1241  199372489
1242  194486824
1243  652777425
1244  676996127
1245  437396638
1246  359393371
1247  922565613
1248  111135373
1249  805472490
1250  800599503
1251  498907974
1252  904492663
1253  277231663
1254  383606127
1255  262437968
1256  819120890
1257  590676998
1258  532251900
1259  215536663
1260  927550157
1261  845332321
1262  842807256
1263  575556535
1264  865662492
1265  998137383
1266  571627586
1267  634976415
1268  470143528
1269  372740867
1270  370997216
1271  597287847
1272  906340787
1273  712466735
1274  545770848
1275  176491402
1276  150580252
1277  177603647
1278  758436273
1279  239776360
1280  191631140
1281  623852905
1282  747950328
1283  191751480
1284  156909906
1285  998122972
1286  876768293
1287  579926238
1288  279937414
1289  177220726
1290  837225627
1291  504595778
1292  871723755
1293  642861208
1294  523921712
1295  353515767
1296  642903393
1297  375789977
1298  739239119
1299  496753806
1300  839952470
1301  676145474
1302  531295644
1303  449948858
1304  542337810
1305  692137181
1306  664178507
1307  194362235
1308  368259727
1309  698827787
1310  821846550
1311  829425878
1312  927572501
1313  740806981
1314  942389708
1315  370601227
1316  342720350
1317  899534771
1318  694556543
1319  660609563
1320  274133986
1321  942750782
1322  446188918
1323  921240972
1324  916350591
1325  219884981
1326  147282720
1327  244458263
1328  979864911
1329  699997970
1330  677145256
1331  400885168
1332  397372794
1333  491588700
1334  335457139
1335  577662310
1336  201229180
1337  766343304
1338  203460256
1339  791168527
1340  864719450
1341  469918234
1342  765889151
1343  135850300
1344  762669689
1345  994148628
1346  823268150
1347  257606309
1348  254134510
1349  672542559
1350  834718652
1351  850789433
1352  888835742
1353  474385455
1354  806655184
1355  136829641
1356  201753939
1357  897275839
1358  270164551
1359  264696719
1360  246435921
1361  288409884
1362  864971261
1363  298942188
1364  215518690
1365  190524810
1366  225298431
1367  474975870
1368  914412989
1369  183295499
1370  504256398
1371  609428746
1372  131875654
1373  375777783
1374  848166543
1375  619195200
1376  269622360
1377  216903465
1378  125611829
1379  284266324
1380  574134153
1381  122397271
1382  292931872
1383  555585498
1384  282713644
1385  429580133
1386  360174115
1387  567389213
1388  765344825
1389  587473211
1390  978770327
1391  753120282
1392  594527224
1393  140496419
1394  670236899
1395  724343528
1396  958602653
1397  539737397
1398  170232683
1399  725235145
1400  761913792
1401  602772867
1402  915312327
1403  261999999
1404  573792449
1405  294589233
1406  484248506
1407  376893760
1408  512271985
1409  804556165
1410  652753194
1411  700449512
1412  172310490
1413  977776169
1414  775943293
1415  134491279
1416  146497177
1417  570163647
1418  251799217
1419  897483116
1420  936591205
1421  631162618
1422  498596275
1423  476899790
1424  848662183
1425  874477999
1426  520996998
1427  755137228
1428  858467458
1429  154142517
1430  183993927
1431  712190837
1432  851623365
1433  264183691
1434  571687425
1435  303700774
1436  636546764
1437  243201518
1438  516874696
1439  868276266
1440  878348266
1441  207188997
1442  182357747
1443  436222991
1444  572387749
1445  770486718
1446  852194773
1447  534595824
1448  747792641
1449  795552618
1450  149717479
1451  765744284
1452  289302218
1453  472227472
1454  265497345
1455  675865788
1456  195879809
1457  199882310
1458  247409262
1459  688838998
1460  908359174
1461  196873526
1462  946980404
1463  142158946
1464  995850643
1465  726145974
1466  297362414
1467  862357576
1468  138470406
1469  493900976
1470  181712735
1471  326733948
1472  219577773
1473  454289620
1474  979424782
1475  769404244
1476  600739823
1477  609667538
1478  150737593
1479  224580271
1480  175696453
1481  248521515
1482  129467488
1483  520272404
1484  539448519
1485  708826166
1486  869510203
1487  892612731
1488  844848247
1489  658254551
1490  485778142
1491  252908495
1492  310392924
1493  440653230
1494  140688877
1495  952187902
1496  730631192
1497  371288762
1498  452296381
1499  729398285
1500  270910890
1501  693451512
1502  785276596
1503  490563476
1504  544821668
1505  792622191
1506  270755976
1507  391779560
1508  455722653
1509  963711744
1510  240248927
1511  928613450
1512  428320359
1513  111295878
1514  446416825
1515  329557802
1516  575999290
1517  929639795
1518  652614768
1519  230968196
1520  785239357
1521  480469949
1522  127802669
1523  397688700
1524  649441448
1525  664423774
1526  435183904
1527  837687381
1528  583655285
1529  638789822
1530  418637129
1531  808960552
1532  929693469
1533  120601258
1534  119665867
1535  493330583
1536  658947567
1537  853484938
1538  139975715
1539  343596817
1540  444981342
1541  418565611
1542  321666773
1543  753331909
1544  563171253
1545  812639798
1546  373867516
1547  427651422
1548  412404535
1549  350411862
1550  788484647
1551  909452673
1552  277768633
1553  325908926
1554  267646333
1555  738874302
1556  566641704
1557  914785964
1558  475612673
1559  480523455
1560  297479965
1561  820338975
1562  628704834
1563  417774513
1564  592685356
1565  596591782
1566  966253713
1567  185317863
1568  871450995
1569  279990990
1570  818773632
1571  219605659
1572  847890291
1573  729848127
1574  897444620
1575  548993442
1576  117131452
1577  122834826
1578  877670347
1579  745349875
1580  673679649
1581  607171973
1582  971876962
1583  782736606
1584  820598355
1585  721992361
1586  898800257
1587  460871788
1588  962247656
1589  986725819
1590  598151223
1591  132308182
1592  602813406
1593  721458863
1594  674533602
1595  473947450
1596  125495919
1597  140977313
1598  941276550
1599  116402527
1600  191995236
1601  750882572
1602  406676315
1603  698898373
1604  521851552
1605  877313233
1606  613272433
1607  848413270
1608  892335421
1609  393969833
1610  163406827
1611  642683608
1612  561544442
1613  297236658
1614  932464273
1615  179669616
1616  334701618
1617  943562340
1618  393301912
1619  471314231
1620  308680822
1621  557541686
1622  672599712
1623  489888654
1624  180593128
1625  918177195
1626  560859564
1627  183285659
1628  752621525
1629  594321961
1630  242527635
1631  272571703
1632  662694166
1633  526210493
1634  734901353
1635  498776760
1636  338383207
1637  857167931
1638  560144656
1639  487694471
1640  350299176
1641  678785882
1642  297591279
1643  701513366
1644  655632911
1645  438206289
1646  186657797
1647  522223306
1648  913399523
1649  650639631
1650  860417710
1651  983592385
1652  472701876
1653  585318597
1654  984909729
1655  801929560
1656  606924545
1657  598591278
1658  591717682
1659  864615550
1660  750942891
1661  122779716
1662  753350701
1663  841782623
1664  356843420
1665  291968494
1666  239972287
1667  825922475
1668  125922410
1669  934262895
1670  734122446
1671  905867758
1672  749942656
1673  932193218
1674  962166302
1675  808825769
1676  486697548
1677  784986809
1678  705140158
1679  890868693
1680  682295612
1681  403635181
1682  246838200
1683  887404483
1684  768736908
1685  889178537
1686  723991371
1687  514591249
1688  126125970
1689  733549462
1690  217731388
1691  847184178
1692  533198722
1693  322609812
1694  592563708
1695  685463793
1696  631463792
1697  604749505
1698  448869909
1699  286845590
1700  192729828
1701  487737141
1702  908603322
1703  571321716
1704  392395434
1705  606408321
1706  486938953
1707  795557163
1708  461878560
1709  845983826
1710  435850652
1711  815752634
1712  160620322
1713  895130547
1714  352175414
1715  923454647
1716  601954288
1717  156791426
1718  636573211
1719  416396331
1720  907460500
1721  778594412
1722  328586611
1723  701772751
1724  998691667
1725  393401908
1726  200665717
1727  130411968
1728  278995738
1729  891482920
1730  133896952
1731  987542152
1732  447371658
1733  299254787
1734  900398661
1735  814585326
1736  479862911
1737  811664961
1738  543847230
1739  311900203
1740  317310152
1741  773423283
1742  533471995
1743  153659777
1744  857595905
1745  538901439
1746  477426203
1747  884283627
1748  376523332
1749  253711138
1750  750856298
1751  859585912
1752  387516811
1753  837160128
1754  711670864
1755  809704814
1756  987417655
1757  298904984
1758  184723643
1759  216899785
1760  221203265
1761  717887668
1762  645154147
1763  284237506
1764  903158793
1765  531176834
1766  693167674
1767  117487847
1768  405619483
1769  130985201
1770  937949170
1771  729872644
1772  413291351
1773  220204215
1774  169828521
1775  866470766
1776  828844607
1777  297446415
1778  467854680
1779  509800693
1780  984273997
1781  137432118
1782  243820397
1783  613618844
1784  172926698
1785  760252569
1786  301806251
1787  740827193
1788  336935269
1789  520498588
1790  306122753
1791  144138267
1792  857560178
1793  667561920
1794  452364222
1795  938897844
1796  782411767
1797  461514510
1798  817138813
1799  208620363
1800  684487761
1801  959426241
1802  246475505
1803  573603744
1804  442227575
1805  497247456
1806  835257818
1807  921160877
1808  649608892
1809  380114726
1810  595801897
1811  119487865
1812  490906378
1813  932746503
1814  494662635
1815  807817503
1816  959795521
1817  158641984
1818  234895141
1819  891433245
1820  756634664
1821  406395477
1822  997470788
1823  329379336
1824  396226306
1825  826173369
1826  990391864
1827  315284112
1828  303571531
1829  895552246
1830  704857745
1831  600657278
1832  667791977
1833  620236560
1834  637245683
1835  338967278
1836  202670533
1837  640899790
1838  511471659
1839  388827261
1840  233909591
1841  369531802
1842  529308142
1843  228456917
1844  628728920
1845  210704365
1846  627654855
1847  866970150
1848  240901299
1849  927500315
1850  670773482
1851  591447427
1852  513455869
1853  832452851
1854  825154204
1855  497678396
1856  330291136
1857  272308835
1858  551189198
1859  176207690
1860  418217966
1861  365122923
1862  577538877
1863  117629599
1864  696717410
1865  643694704
1866  261640389
1867  854522802
1868  992533228
1869  575763937
1870  385459447
1871  429246993
1872  359491864
1873  869839908
1874  363133856
1875  156157890
1876  306587417
1877  380157490
1878  453118376
1879  916463181
1880  442621853
1881  156824367
1882  789993306
1883  128367339
1884  257835208
1885  274435578
1886  433417853
1887  701574750
1888  600713848
1889  122442902
1890  391164906
1891  193159780
1892  413963458
1893  711496316
1894  456254579
1895  575929583
1896  575860408
1897  398206929
1898  984980291
1899  726345458
1900  149638846
1901  495771820
1902  800806936
1903  113735713
1904  894522116
1905  843348363
1906  742205112
1907  308530189
1908  572448635
1909  936271853
1910  573989522
1911  144818238
1912  916239245
1913  139485609
1914  197265403
1915  372946720
1916  997318713
1917  770914632
1918  880549240
1919  682215184
1920  235949614
1921  614859625
1922  792160694
1923  234502240
1924  554239600
1925  737190848
1926  776260586
1927  687777133
1928  477929960
1929  155525545
1930  526645916
1931  797475309
1932  703168183
1933  474113561
1934  490514832
1935  490147241
1936  793906217
1937  914690846
1938  816406179
1939  653466903
1940  289929842
1941  878343226
1942  368577301
1943  342485223
1944  486928772
1945  899688192
1946  314933647
1947  608996676
1948  797500390
1949  427215411
1950  475668295
1951  256997283
1952  907713182
1953  468480766
1954  931221918
1955  876682459
1956  969570237
1957  900299821
1958  614378474
1959  504644801
1960  159772318
1961  194267458
1962  964871983
1963  199417418
1964  959340774
1965  336183735
1966  383948842
1967  642753154
1968  890411671
1969  566746550
1970  678178628
1971  596860804
1972  710487850
1973  985472248
1974  902580992
1975  587425938
1976  359701709
1977  306127376
1978  694582131
1979  580461969
1980  746320205
1981  662254902
1982  988838257
1983  828354742
1984  712622979
1985  317941505
1986  784202254
1987  736889426
1988  227418661
1989  273563129
1990  866626806
1991  280720221
1992  122119837
1993  166119756
1994  855676333
1995  552288340
1996  469482114
1997  937507713
1998  687745764
1999  368612401
2000  345228255
2001  692705280
2002  830430750
2003  758681598
2004  776385137
2005  648416343
2006  488986420
2007  656946775
2008  579362393
2009  806717464
2010  300428460
2011  228650333
2012  764630279
2013  491959500
2014  176179481
2015  325526877
2016  636283784
2017  929220492
2018  878925775
2019  152774272
2020  437161163
2021  346121393
2022  819714222
2023  718665729
2024  842352214
2025  746937330
2026  196170432
2027  752435661
2028  160304184
2029  844520833
2030  125270246
2031  167809177
2032  836159960
2033  921800659
2034  420243834
2035  307903869
2036  679879878
2037  917609262
2038  525590954
2039  276936807
2040  278611215
2041  539350202
2042  799487292
2043  195946440
2044  115640135
2045  964263720
2046  396296285
2047  804931650
