0  755958470
1  415288434
2  762994471
3  422732909
4  885436621
5  587826256
6  428423380
7  307747602
8  233582377
9  202312934
10  546163437
11  652292953
12  678416717
13  419975994
14  381716305
15  863620715
16  587774123
17  763152600
18  925412888
19  642449941
20  330958597
21  441632206
22  678921747
23  891906585
24  592744211
25  193764682
26  339335935
27  949709419
28  703581605
29  478207859
30  879834991
31  844328662
32  874623180
33  827225995
34  536355482
35  758367836
36  330752911
37  216376463
38  206366123
39  278582669
40  752559624
41  243575583
42  459401878
43  690158420
44  361549976
45  916880656
46  638430542
47  177446466
48  715618445
49  117343615
50  177796518
51  941246777
52  124260789
53  414492451
54  264537223
55  463962563
56  733967465
57  845436913
58  922390113
59  605415684
60  981823908
61  990962292
62  511870859
63  612883256
64  383685358
65  671169879
66  209932654
67  568917719
68  803111581
69  499573434
70  443974937
71  534391116
72  392425552
73  172541544
74  429693741
75  482437558
76  697944139
77  425934371
78  249496913
79  349282933
80  289281487
81  542956269
82  615175824
83  591436736
84  814586455
85  131230198
86  297980154
87  838430562
88  778722337
89  148551474
90  906116478
91  155391260
92  903214435
93  655962872
94  375701400
95  478422942
96  941652720
97  117552388
98  716654427
99  605287731
100  891446873
101  160462678
102  710720856
103  791118293
104  550328931
105  313586624
106  358800759
107  229742964
108  869713474
109  470355376
110  886802586
111  641607962
112  254356746
113  177479726
114  281963601
115  950123412
116  209191786
117  804313626
118  557696278
119  116508542
120  392733873
121  211935804
122  338958471
123  911179967
124  142283771
125  559588971
126  706945994
127  123172806
128  241175519
129  856194784
130  376319616
131  165807280
132  164140903
133  860403251
134  869940682
135  718828529
136  185805168
137  239752198
138  189169123
139  324416862
140  790242980
141  300179986
142  584415234
143  764606548
144  896175493
145  338608425
146  296814779
147  652291184
148  154132354
149  221356697
150  990866559
151  670602345
152  370588629
153  736694994
154  830116920
155  572186200
156  258148750
157  905512552
158  130773190
159  692957612
160  911683820
161  787751476
162  834664616
163  653462698
164  967257723
165  457667565
166  701882180
167  555642541
168  902369134
169  672983489
170  659226285
171  217931760
172  610816704
173  945587423
174  588250632
175  382837336
176  449476560
177  323792543
178  179252997
179  944247930
180  189962688
181  114647464
182  697711813
183  364976449
184  331142473
185  671363202
186  222699469
187  850796938
188  877594767
189  509175544
190  483691337
191  227403619
192  472569698
193  857867365
194  869469556
195  365398649
196  923340676
197  116798564
198  780754995
199  749828306
200  724842835
201  564381887
202  268179639
203  578944277
204  198424886
205  911281918
206  284793364
207  872438839
208  929737680
209  704146297
210  622251735
211  988167757
212  337327305
213  194372432
214  337411958
215  693350967
216  384517310
217  752150591
218  587685916
219  222966205
220  333121368
221  733458423
222  853898840
223  400176210
224  991645414
225  888116776
226  811874799
227  467706971
228  677192632
229  755387534
230  460459428
231  540350447
232  568882283
233  780756600
234  980456813
235  870866314
236  671621518
237  482542207
238  488178924
239  258936430
240  776186495
241  924482500
242  840332724
243  138964689
244  215828183
245  561921542
246  359731888
247  299595619
248  992824456
249  197286193
250  226279858
251  288147112
252  235920158
253  661501365
254  869397570
255  794772428
256  959338519
257  444144720
258  149798539
259  921957474
260  722393383
261  256330196
262  775981205
263  260555323
264  191803597
265  545139682
266  991153404
267  888573511
268  323431164
269  588784407
270  282305601
271  320785534
272  181724195
273  172863258
274  973469914
275  239350879
276  816382952
277  304412421
278  746722601
279  315759927
280  816677764
281  137675292
282  783903393
283  302680620
284  398750394
285  148631499
286  330165916
287  302132285
288  493728334
289  756863800
290  187252981
291  242823389
292  895891386
293  571164363
294  900333247
295  568484952
296  590547126
297  869803994
298  309472774
299  495431511
300  990788290
301  644333920
302  945213578
303  621576806
304  454713774
305  953521397
306  823960586
307  283208719
308  182844745
309  935820538
310  240274835
311  160890881
312  147346871
313  825872340
314  257872990
315  738566804
316  607169238
317  326698765
318  729996452
319  937733331
320  954874742
321  395184162
322  362463635
323  569328686
324  502117129
325  614870770
326  304152580
327  920678949
328  585699937
329  730353576
330  257151709
331  389269225
332  283348142
333  961591197
334  491800751
335  413619147
336  853293468
337  824757425
338  226528783
339  987994118
340  912777652
341  799476408
342  937994902
343  980755495
344  266605326
345  229726742
346  879482799
347  488324771
348  241885409
349  306728289
350  797199895
351  717719488
352  637987513
353  221382189
354  537816661
355  431111199
356  725957280
357  316795463
358  525879317
359  847131838
360  240580950
361  522755189
362  930402760
363  321657203
364  877315649
365  461455195
366  409743478
367  925697513
368  863375603
369  905625292
370  209248489
371  468991266
372  365278157
373  787411388
374  139629605
375  818855682
376  781339243
377  525130839
378  219478603
379  165699503
380  694296781
381  727781552
382  197998136
383  527495810
384  980396229
385  729470429
386  859271536
387  717152821
388  823209273
389  514616344
390  728609450
391  582224393
392  606920789
393  771966414
394  168616432
395  627364876
396  464254753
397  486261780
398  189190875
399  922184950
400  959231642
401  676358408
402  430509952
403  983608453
404  329722812
405  404308520
406  526552223
407  833786962
408  259342631
409  968407674
410  719280283
411  200388752
412  659130630
413  328704695
414  289340359
415  690310600
416  359721131
417  382890623
418  638643860
419  981918128
420  917140988
421  270155486
422  246560173
423  311282409
424  686424740
425  861747763
426  179754606
427  182288400
428  272111190
429  356257364
430  129760114
431  507719889
432  457150846
433  641875237
434  473371472
435  415234486
436  658949783
437  811519285
438  877301654
439  734113741
440  414911273
441  445132365
442  784397703
443  206214884
444  469973541
445  535130948
446  432573672
447  454650185
448  290422375
449  959993208
450  357144813
451  986814158
452  472486668
453  177549665
454  484118306
455  917877803
456  723339998
457  575529177
458  152470865
459  863931237
460  235360907
461  794226232
462  944962528
463  361993663
464  799816496
465  673330964
466  458111250
467  143234689
468  804823555
469  894548503
470  776246352
471  555416696
472  533440777
473  135202733
474  651774169
475  252730779
476  801251890
477  357257213
478  279310798
479  666703913
480  241626775
481  179667216
482  286224186
483  816638410
484  701351903
485  331304717
486  471515246
487  819272224
488  562530656
489  331533596
490  216128266
491  420479716
492  134579433
493  374235462
494  973650369
495  476695987
496  490635830
497  655349163
498  681456318
499  478950375
500  574346532
501  306321416
502  351578932
503  780449504
504  380261499
505  334666767
506  841281263
507  728298199
508  287598180
509  210165637
510  166774436
511  463394839
512  670186169
513  216987222
514  995762267
515  244275776
516  133630147
517  581894431
518  170134255
519  541134512
520  525487372
521  432638725
522  784920124
523  741401780
524  747496536
525  340530446
526  380388911
527  155497684
528  928684827
529  608313812
530  583680177
531  787283139
532  262416648
533  232815608
534  663541165
535  318981987
536  709817370
537  463978290
538  520404383
539  702438308
540  449727388
541  652996885
542  206339529
543  705520570
544  997250860
545  837401897
546  674180675
547  771729898
548  826574700
549  529646170
550  974859196
551  417457461
552  660342463
553  428889489
554  917684462
555  993865262
556  280849736
557  300626278
558  633933484
559  293168615
560  181654657
561  810657248
562  406135953
563  380308326
564  769414878
565  343516973
566  522978882
567  305721564
568  225401595
569  325122721
570  547540288
571  327993124
572  122622354
573  716390839
574  556117854
575  806195207
576  233191118
577  930318688
578  603270874
579  530185174
580  623584589
581  295730626
582  889963662
583  610194528
584  355997519
585  251859259
586  602250136
587  285751151
588  479997968
589  754464766
590  828193690
591  970335638
592  242114524
593  535208960
594  693775449
595  163785148
596  566745977
597  316986330
598  435257684
599  552518202
600  401368663
601  623554880
602  675411470
603  588133193
604  531530737
605  466840192
606  778912404
607  876419625
608  418288958
609  533788529
610  960998686
611  660489172
612  646179549
613  638450909
614  631315705
615  201559791
616  627187431
617  485804863
618  124898135
619  464821553
620  267684201
621  816147751
622  226341579
623  177845354
624  785803169
625  584112424
626  493187508
627  987309223
628  757171493
629  984408239
630  689887580
631  945812368
632  145934225
633  417829422
634  445952766
635  260571814
636  967583712
637  859570490
638  850293940
639  215136545
640  516309223
641  455124924
642  946238670
643  711796558
644  471795328
645  171158710
646  446630871
647  380458199
648  817735123
649  321884405
650  944680158
651  277410949
652  706678608
653  367965291
654  802828817
655  424626905
656  825657383
657  376545893
658  170852790
659  343371156
660  530256407
661  638679935
662  723750914
663  417877647
664  370666372
665  680559347
666  835887483
667  855555903
668  954157887
669  699633175
670  794605644
671  475676348
672  231289499
673  241614917
674  435509601
675  304362626
676  661569360
677  937383933
678  871652293
679  883295629
680  368522324
681  860414740
682  503514259
683  445997699
684  674993854
685  695690658
686  752284908
687  479493900
688  881921605
689  855199493
690  639245675
691  495663583
692  306921977
693  382694311
694  270713356
695  520345635
696  577690326
697  742539323
698  318914675
699  525851140
700  378791133
701  963852558
702  926833341
703  718811426
704  133531868
705  970270134
706  991588866
707  408201190
708  745440480
709  805798904
710  960970359
711  883707534
712  477224279
713  550403627
714  474118215
715  742218694
716  422764783
717  935558781
718  980713332
719  963341223
720  559691308
721  183973726
722  307611790
723  476850493
724  240444978
725  430784141
726  246199861
727  591346438
728  868482499
729  957716225
730  585407855
731  667798501
732  869356921
733  728963983
734  838794961
735  709297667
736  894699821
737  679826939
738  159215681
739  407536592
740  226346179
741  185227402
742  571466530
743  766275408
744  542659413
745  762876542
746  661548285
747  638644439
748  810525658
749  993331170
750  784384451
751  405940418
752  709591155
753  338243122
754  799200345
755  786827278
756  707670114
757  628554234
758  593605163
759  417341811
760  185924950
761  925568371
762  193967891
763  725354284
764  488661167
765  599235994
766  545123740
767  284652205
768  495727275
769  967115180
770  727347388
771  392681385
772  865732642
773  133583670
774  234257247
775  735855755
776  826870434
777  339888272
778  531146326
779  435631206
780  389321661
781  913944948
782  642301951
783  967487626
784  251112971
785  642246835
786  860131297
787  982979723
788  287395289
789  447796991
790  273600418
791  235774227
792  113873775
793  631878774
794  532967624
795  971464596
796  821734804
797  563894213
798  349818686
799  625446851
800  452302586
801  530334746
802  186737934
803  150815170
804  979151806
805  441900234
806  395764827
807  689217433
808  930292463
809  923799306
810  474621550
811  628411784
812  739954751
813  996838608
814  434397477
815  304844119
816  627790698
817  674844517
818  672448698
819  566390587
820  839845267
821  765686328
822  827331330
823  360297725
824  686343368
825  584570503
826  744757766
827  859525770
828  132877334
829  731769865
830  600999129
831  568888995
832  729639480
833  724415387
834  897452322
835  674205423
836  756847666
837  655885989
838  263326900
839  716810342
840  432905793
841  610124833
842  542451892
843  519835687
844  489448806
845  153647398
846  462550574
847  591925211
848  838730496
849  915165322
850  454377680
851  886663288
852  507839506
853  560590438
854  538134357
855  792198923
856  262362424
857  151764223
858  137376224
859  677549778
860  974263370
861  596890930
862  160524671
863  541253940
864  253682245
865  513598868
866  688662344
867  875247235
868  496115632
869  588407587
870  747141975
871  857732500
872  415512743
873  551574328
874  448984631
875  116437335
876  408389998
877  233164366
878  819583856
879  522895195
880  751975548
881  452436333
882  975240376
883  316710633
884  338217872
885  980269654
886  521930933
887  845346588
888  356450786
889  234971542
890  858827802
891  406899223
892  802603530
893  290563243
894  977832831
895  674717610
896  720263720
897  385528716
898  727445609
899  371164603
900  979469273
901  306400686
902  754213773
903  585735172
904  660472680
905  765598893
906  956586669
907  512148291
908  219849262
909  418480634
910  611262154
911  633885888
912  459665571
913  800122576
914  249291899
915  732437405
916  851861119
917  384799387
918  657154819
919  533844386
920  170769831
921  345993361
922  132382471
923  220654877
924  222326597
925  712141230
926  723905887
927  394884203
928  371499877
929  713654568
930  956735446
931  876291763
932  166113334
933  781178477
934  764617509
935  844523660
936  677887255
937  129464645
938  586493614
939  589358993
940  771378883
941  657323888
942  519824189
943  521888967
944  674221694
945  550382258
946  519862557
947  396612808
948  629215348
949  315250639
950  746268527
951  709875355
952  785592223
953  131287302
954  694696352
955  627255960
956  446399398
957  364529864
958  667932965
959  731855928
960  732229364
961  477320618
962  587373556
963  757304204
964  571303969
965  446623493
966  145993996
967  995161487
968  202594298
969  711860682
970  312612307
971  564424983
972  726207481
973  919871374
974  111271509
975  233991630
976  428834972
977  474141823
978  260834419
979  308330768
980  392178401
981  166160709
982  115371674
983  900623540
984  467991580
985  899521430
986  868570147
987  928887734
988  505785304
989  290763540
990  720795531
991  626328709
992  124199517
993  320560502
994  147306987
995  604369211
996  233402969
997  793373952
998  726538999
999  981325586
1000  476729159
1001  644987787
1002  256164964
1003  861565844
1004  247810148
1005  534798444
1006  528617124
1007  268626725
1008  636778980
1009  448896477
1010  272552898
1011  271314870
1012  457495425
1013  861448221
1014  927147964
1015  447113236
1016  890495887
1017  914848491
1018  543908167
1019  627919593
1020  555694727
1021  524555773
1022  444321433
1023  358498776
1024  276532553
1025  131928816
1026  963152867
1027  700114541
1028  855923822
1029  275129247
1030  685686148
1031  816269512
1032  424524875
1033  614854935
1034  199723214
1035  444340916
1036  619894631
1037  114854997
1038  785391562
1039  438722707
1040  410248719
1041  622629550
1042  506436227
1043  159628437
1044  610793858
1045  410321390
1046  430361953
1047  415746772
1048  648821930
1049  865215565
1050  409272956
1051  442850944
1052  468357596
1053  353292860
1054  851421465
1055  409891587
1056  477343368
1057  309504571
1058  343371197
1059  382800971
1060  432608671
1061  779768138
1062  782147966
1063  203620580
1064  604746981
1065  925249670
1066  598507115
1067  640690524
1068  430690943
1069  538173604
1070  191606149
1071  241666805
1072  745706990
1073  895922790
1074  572470550
1075  428420324
1076  357710282
1077  772922731
1078  358460673
1079  548474949
1080  856644921
1081  174405925
1082  690983363
1083  780905423
1084  853143908
1085  845148301
1086  827435662
1087  697878378
1088  631914530
1089  888440124
1090  324470851
1091  586355642
1092  995491575
1093  140536682
1094  935366372
1095  825713615
1096  783523837
1097  630907743
1098  683978917
1099  301487403
1100  919703262
1101  271731581
1102  890568244
1103  264578744
1104  831964478
1105  409469637
1106  879448428
1107  963596122
1108  701394736
1109  225267191
1110  197972650
1111  272903463
1112  578935217
1113  689310773
1114  883603665
1115  466525333
1116  524556290
1117  154845823
1118  688271524
1119  701313891
1120  872739756
1121  635918791
1122  702156367
1123  412118737
1124  242223373
1125  513258860
1126  964830203
1127  495366189
1128  583890327
1129  180923711
1130  857884311
1131  517876788
1132  502545217
1133  588596401
1134  625165138
1135  658812259
1136  728601444
1137  734550491
1138  608881308
1139  331385957
1140  854767373
1141  234726202
1142  491343619
1143  869188163
1144  240764629
1145  326398785
1146  661700678
1147  437388981
1148  807704966
1149  382601925
1150  422297541
1151  477426979
1152  543608421
1153  866883916
1154  810352447
1155  934640418
1156  284344712
1157  129418619
1158  606847887
1159  532645659
1160  991607522
1161  926714965
1162  685808405
1163  667683139
1164  999227446
1165  986551379
1166  347367504
1167  884803235
1168  594727284
1169  519195694
1170  758187232
1171  722646912
1172  244219553
1173  114258364
1174  172643545
1175  642528905
1176  765360963
1177  314910301
1178  231127980
1179  170652259
1180  970223367
1181  593724445
1182  682699290
1183  797135766
1184  495811344
1185  618213939
1186  390530487
1187  127670124
1188  163900752
1189  274523356
1190  656679786
1191  541807728
1192  692854752
1193  795227950
1194  144151873
1195  965117867
1196  654395246
1197  343528515
1198  288187466
1199  981859550
1200  567302706
1201  715378395
1202  844154211
1203  591811494
1204  828831267
1205  958682855
1206  244329369
1207  761407250
1208  882966947
1209  740232649
1210  740217465
1211  738936899
1212  639270416
1213  865656185
1214  513203856
1215  716623137
1216  151755610
1217  591219993
1218  249612741
1219  479840426
1220  804548197
1221  463506918
1222  549409406
1223  965985247
1224  504911898
1225  520853818
1226  522149859
1227  678626563
1228  225691732
1229  970367123
1230  845997899
1231  299243581
1232  885707677
1233  116592714
1234  797617118
1235  113806724
1236  212625571
1237  324420402
1238  477345647
1239  304448339
1240  825537614
1241  312721807
1242  704850681
1243  368964938
1244  441998659
1245  407514886
1246  779536116
1247  128125501
1248  567363720
1249  979475143
1250  467845433
1251  868741381
1252  439744448
1253  599584688
1254  903190854
1255  797139856
1256  204200749
1257  201457792
1258  870213366
1259  797971253
1260  831892771
1261  612587994
1262  170809117
1263  416607604
1264  877281603
1265  318495811
1266  471208806
1267  298141473
1268  680936541
1269  465984849
1270  306567637
1271  204621780
1272  932337277
1273  276459463
1274  204453350
1275  910308584
1276  330920937
1277  209966571
1278  346189372
1279  394665235
1280  994965972
1281  208599953
1282  532151659
1283  878194578
1284  197538655
1285  342261402
1286  724881813
1287  619633132
1288  688813648
1289  716254912
1290  519331394
1291  228900591
1292  641911163
1293  709477302
1294  901119727
1295  570155263
1296  609675802
1297  899289431
1298  379678698
1299  445723396
1300  433945293
1301  470245684
1302  978171209
1303  319737306
1304  628495554
1305  625485901
1306  244323584
1307  354549812
1308  372584368
1309  122936508
1310  415902471
1311  407559893
1312  149724937
1313  273114846
1314  223319848
1315  928774345
1316  805767901
1317  880981871
1318  965370582
1319  963619875
1320  161914847
1321  658986275
1322  119816777
1323  612780970
1324  975154263
1325  166888616
1326  758133356
1327  326492230
1328  627626362
1329  294859400
1330  838550477
1331  313115523
1332  944482251
1333  587302626
1334  735825991
1335  453206571
1336  329765318
1337  970482681
1338  352553699
1339  438199448
1340  990549267
1341  393788386
1342  314677765
1343  402131483
1344  670477362
1345  120237496
1346  627796399
1347  490602665
1348  166503923
1349  238290691
1350  331419823
1351  396386808
1352  236198619
1353  409133462
1354  228403176
1355  994440412
1356  722457317
1357  819933774
1358  300472680
1359  588914170
1360  189913311
1361  255964476
1362  156446549
1363  743301763
1364  742773744
1365  425500829
1366  270330517
1367  228571701
1368  428782132
1369  935813212
1370  978800998
1371  943916735
1372  802745215
1373  255673472
1374  301504944
1375  175442579
1376  463685806
1377  998451397
1378  719717595
1379  760317249
1380  615978502
1381  764984938
1382  235705774
1383  229192331
1384  210781677
1385  611553583
1386  302182920
1387  111575731
1388  518610365
1389  701148317
1390  251325168
1391  807565897
1392  558669964
1393  249422359
1394  249431786
1395  741828528
1396  492266364
1397  750857886
1398  191239493
1399  351180845
1400  530448735
1401  918854734
1402  585546236
1403  454781769
1404  184348972
1405  347775344
1406  804815924
1407  486119473
1408  592552309
1409  345908347
1410  396433788
1411  973538350
1412  258769599
1413  114180735
1414  731851416
1415  695406357
1416  637473506
1417  137310330
1418  223682861
1419  202717969
1420  983939238
1421  518895763
1422  866855697
1423  637347182
1424  306180128
1425  520355584
1426  400891659
1427  662966122
1428  204332664
1429  178928965
1430  761147184
1431  204784398
1432  219554608
1433  935793266
1434  208348197
1435  291141287
1436  499197164
1437  814819919
1438  763460225
1439  256939357
1440  694810643
1441  821787601
1442  232370691
1443  435454837
1444  619488817
1445  656245919
1446  388422842
1447  324227542
1448  131132642
1449  540183991
1450  282851755
1451  781878546
1452  928377436
1453  226506652
1454  663250817
1455  432246762
1456  526499731
1457  933918615
1458  693887119
1459  414215880
1460  746578949
1461  634304420
1462  509356487
1463  260934669
1464  833383436
1465  252216825
1466  298715856
1467  192959433
1468  551627792
1469  912435775
1470  429899496
1471  133971430
1472  136805433
1473  773700721
1474  584890372
1475  937887565
1476  524510800
1477  191662502
1478  486582209
1479  766227928
1480  335633266
1481  449349493
1482  696215185
1483  544668674
1484  290787489
1485  674666502
1486  607450582
1487  621731301
1488  246532917
1489  346265748
1490  998821492
1491  115843710
1492  430993440
1493  365391835
1494  158347623
1495  678554307
1496  256235691
1497  558909693
1498  700580519
1499  351996448
1500  767456940
1501  290822592
1502  858618571
1503  204292390
1504  286653133
1505  463413211
1506  711405512
1507  532732562
1508  811191361
1509  968577973
1510  944785578
1511  565698928
1512  583185249
1513  672394779
1514  441280111
1515  422941155
1516  750233343
1517  436431142
1518  568295398
1519  307602404
1520  385588520
1521  298661460
1522  722406798
1523  451400576
1524  205562430
1525  678990690
1526  476311926
1527  164818127
1528  919550615
1529  500895512
1530  796715768
1531  908142608
1532  794926639
1533  128420489
1534  217840400
1535  491355709
1536  713345608
1537  285111813
1538  541944494
1539  136888844
1540  384175745
1541  683947468
1542  194178308
1543  118262854
1544  946945360
1545  871958675
1546  569334834
1547  775624346
1548  295721238
1549  506294867
1550  831599397
1551  698406658
1552  813730937
1553  932973701
1554  320569663
1555  412468184
1556  361311213
1557  852287568
1558  868506320
1559  169841829
1560  534757626
1561  384892867
1562  644703876
1563  167167549
1564  123236213
1565  345763145
1566  912956548
1567  844429588
1568  965779357
1569  896784142
1570  557804188
1571  357581167
1572  162728574
1573  202741115
1574  146895404
1575  524945139
1576  583506277
1577  596308235
1578  141757724
1579  770648444
1580  686835458
1581  867410868
1582  201340176
1583  910162396
1584  115774557
1585  623372586
1586  673147322
1587  447331896
1588  789384655
1589  811571488
1590  911761236
1591  301222829
1592  849166429
1593  141520885
1594  336830852
1595  184150942
1596  634915919
1597  738877456
1598  683296156
1599  159391770
1600  814564580
1601  420535840
1602  636766710
1603  735788468
1604  905595664
1605  284240728
1606  708959192
1607  542933254
1608  785531868
1609  420561341
1610  797851165
1611  280660298
1612  879950814
1613  880845189
1614  312609712
1615  898247364
1616  530164601
1617  801602187
1618  796722121
1619  575635782
1620  846422371
1621  745615797
1622  472458814
1623  121821331
1624  543893777
1625  223585792
1626  390943938
1627  680677680
1628  759415874
1629  482339989
1630  869557758
1631  841480602
1632  648993237
1633  423942285
1634  706918232
1635  113438774
1636  818827986
1637  799773406
1638  943364878
1639  659177388
1640  666409745
1641  413569293
1642  405882396
1643  263905139
1644  936170397
1645  798813338
1646  429398789
1647  306633679
1648  971764809
1649  875906286
1650  627128125
1651  758228711
1652  748965938
1653  209379513
1654  602967396
1655  528290566
1656  303863182
1657  704530364
1658  471964207
1659  680144702
1660  553647517
1661  658929625
1662  311958684
1663  536401205
1664  959695989
1665  311568884
1666  218788837
1667  711589625
1668  491439916
1669  485417743
1670  208825980
1671  534500254
1672  581545474
1673  402243864
1674  301555991
1675  480344337
1676  903667494
1677  252590484
1678  996934823
1679  241248190
1680  203385958
1681  515571719
1682  155722243
1683  137225926
1684  822785543
1685  675746760
1686  740545342
1687  332567355
1688  916685623
1689  779732730
1690  670628633
1691  168226296
1692  430472720
1693  711144473
1694  809414658
1695  896596213
1696  812719728
1697  142563667
1698  574603650
1699  247498332
1700  487113246
1701  246325612
1702  693197645
1703  543402200
1704  737600780
1705  728423228
1706  594149351
1707  638706377
1708  548800658
1709  654865884
1710  848723195
1711  999795938
1712  520397612
1713  665317251
1714  920868371
1715  216568663
1716  989692334
1717  830861445
1718  619573850
1719  446396947
1720  482207560
1721  667331416
1722  348636603
1723  352164673
1724  398932729
1725  979599189
1726  259577741
1727  984851892
1728  527479563
1729  484839274
1730  671418182
1731  452287594
1732  335663590
1733  993684607
1734  563847371
1735  997773210
1736  678999148
1737  599843822
1738  163146795
1739  511391900
1740  247844733
1741  128721720
1742  892755287
1743  659394137
1744  893660897
1745  376779384
1746  829268621
1747  788922311
1748  126868738
1749  639931328
1750  905724567
1751  844782669
1752  380558529
1753  847164436
1754  946236519
1755  212700377
1756  187270348
1757  411890896
1758  924250849
1759  562797477
1760  136528751
1761  774591930
1762  845223178
1763  960182214
1764  302496550
1765  219318378
1766  690643386
1767  507830136
1768  567143528
1769  751389459
1770  841464929
1771  458192647
1772  609833857
1773  354295902
1774  673438809
1775  292701224
1776  140909824
1777  737472787
1778  743481842
1779  703933387
1780  136613823
1781  959433858
1782  263617658
1783  550546278
1784  816717215
1785  794597985
1786  383265249
1787  970261123
1788  774935813
1789  505664874
1790  912846232
1791  234174769
1792  165800194
1793  834832622
1794  455975338
1795  726385926
1796  496824296
1797  758252921
1798  590952252
1799  801652997
1800  790507990
1801  537780575
1802  191832485
1803  906367779
1804  313423573
1805  741272373
1806  419650305
1807  532678461
1808  741761201
1809  944744822
1810  296331338
1811  407470914
1812  488129712
1813  250412266
1814  958574739
1815  565899149
1816  583430990
1817  368387298
1818  810749273
1819  230809504
1820  703302737
1821  480880245
1822  529167787
1823  539344787
1824  474982498
1825  749578461
1826  298524724
1827  672186787
1828  247199671
1829  749531247
1830  834167400
1831  376801248
1832  823635640
1833  963601899
1834  383931564
1835  572775182
1836  171166479
1837  572232945
1838  138437216
1839  438534763
1840  704735654
1841  704318808
1842  683376814
1843  289145526
1844  498767697
1845  528683542
1846  853742152
1847  440615419
1848  604849971
1849  329610998
1850  733260789
1851  241601603
1852  391451928
1853  201506983
1854  885406581
1855  316488699
1856  778511264
1857  361414739
1858  191729739
1859  781630524
1860  385865652
1861  502990765
1862  506433348
1863  723169442
1864  246730663
1865  125380602
1866  454894212
1867  286988412
1868  343752579
1869  290559188
1870  893566305
1871  529961787
1872  809843551
1873  620239885
1874  223859514
1875  683674528
1876  855704600
1877  646206444
1878  897693494
1879  175733593
1880  890976214
1881  680234195
1882  862740579
1883  913663392
1884  364555582
1885  296325945
1886  332903949
1887  506145169
1888  254998669
1889  912580679
1890  630982773
1891  850447881
1892  443117778
1893  844997377
1894  515920480
1895  993288583
1896  266372500
1897  700690954
1898  367540611
1899  306180500
1900  958214278
1901  338407938
1902  235858315
1903  642346843
1904  158221961
1905  294831497
1906  696446707
1907  854204839
1908  700423159
1909  863148197
1910  802209297
1911  987358564
1912  414456340
1913  798156275
1914  163525558
1915  824220363
1916  742422206
1917  775779216
1918  440184928
1919  851352524
1920  597372774
1921  861596336
1922  880236310
1923  622510952
1924  313469489
1925  702208741
1926  782743643
1927  148128949
1928  539159393
1929  541228501
1930  761777760
1931  836294495
1932  726524931
1933  662492529
1934  829190601
1935  170473609
1936  250679965
1937  727809309
1938  881280481
1939  135294242
1940  928913795
1941  427695225
1942  838531986
1943  737606873
1944  281337851
1945  959695264
1946  946304475
1947  790626760
1948  603509347
1949  634319220
1950  660909792
1951  275602685
1952  565764441
1953  583273597
1954  244563456
1955  674643987
1956  498250784
1957  534480923
1958  773227160
1959  656535942
1960  700953885
1961  567791788
1962  156938266
1963  633582710
1964  493233502
1965  964681671
1966  561816345
1967  491696788
1968  265985317
1969  260957542
1970  354446935
1971  470823829
1972  761635167
1973  756168391
1974  291565535
1975  528413669
1976  433535147
1977  807294408
1978  609329437
1979  677173317
1980  911644832
1981  401864680
1982  858475795
1983  186996344
1984  403374205
1985  835480642
1986  350682137
1987  512910350
1988  206342799
1989  301665692
1990  745665611
1991  229435346
1992  360581136
1993  679649375
1994  416167876
1995  803525451
1996  703322167
1997  696499364
1998  778609872
1999  887852564
2000  127549333
2001  804450862
2002  131836346
2003  703122764
2004  919599670
2005  604991119
2006  905174197
2007  901209886
2008  150840221
2009  764229510
2010  271930396
2011  426932435
2012  697915379
2013  232561244
2014  694669153
2015  288468595
2016  850337513
2017  483601232
2018  963523412
2019  599963450
2020  782606856
2021  606665905
2022  999240885
2023  335502484
2024  885550288
2025  538533820
2026  771475122
2027  117469426
2028  502501129
2029  842148193
2030  203573303
2031  843622662
2032  750954341
2033  206660364
2034  501906906
2035  891692507
2036  955423798
2037  645933811
2038  649945816
2039  821786943
2040  342299697
2041  869934580
2042  585341413
2043  555634369
2044  114406164
2045  800650423
2046  497429975
2047  860852639
2048  968263584
2049  553189852
2050  493594160
2051  204305922
2052  498291804
2053  916808330
2054  227636612
2055  225115397
2056  186610603
2057  190826960
2058  116644968
2059  970612211
2060  662615246
2061  875503946
2062  395372291
2063  296563786
2064  233991341
2065  522458253
2066  273315970
2067  780694268
2068  530748742
2069  792589127
2070  199726170
2071  717752269
2072  367626597
2073  925591307
2074  585809268
2075  893291901
2076  177365130
2077  753754268
2078  637539905
2079  481271824
2080  934793188
2081  181227374
2082  302591521
2083  695197137
2084  904170784
2085  326567352
2086  203313413
2087  616792914
2088  724761127
2089  455178838
2090  686547263
2091  244490659
2092  160397295
2093  271448183
2094  537898566
2095  397434151
2096  583858371
2097  759662527
2098  836821144
2099  312165902
2100  928325219
2101  337603246
2102  278228583
2103  454977328
2104  327496133
2105  353469353
2106  498970352
2107  958506542
2108  353394260
2109  145283415
2110  889465227
2111  208513619
2112  655668268
2113  415603294
2114  275145451
2115  213220292
2116  353134856
2117  352605514
2118  207841121
2119  399854457
2120  363256610
2121  635960707
2122  819882798
2123  347504852
2124  734976594
2125  801806230
2126  871440192
2127  969231136
2128  991506767
2129  824731501
2130  820194167
2131  527136350
2132  485829133
2133  225253244
2134  496493414
2135  989272945
2136  297243440
2137  113739297
2138  459417525
2139  339591345
2140  471748959
2141  686723564
2142  433115344
2143  284543770
2144  386160166
2145  146985914
2146  208493407
2147  651185156
2148  346976734
2149  357858436
2150  570818313
2151  818242250
2152  628896797
2153  293882373
2154  921644392
2155  716784261
2156  553450866
2157  433673563
2158  527151116
2159  260308724
2160  627278374
2161  759289450
2162  423844847
2163  491725373
2164  316765661
2165  143131410
2166  508217926
2167  173352174
2168  707465537
2169  786338814
2170  516217242
2171  223977867
2172  968660131
2173  922417353
2174  268496482
2175  765702891
2176  112947272
2177  568957703
2178  698780951
2179  166393540
2180  203318301
2181  350157191
2182  393441136
2183  136911764
2184  478551870
2185  652997228
2186  681809136
2187  605283653
2188  419219627
2189  958443482
2190  971751122
2191  523864897
2192  415520879
2193  740911841
2194  391554450
2195  366888197
2196  613301500
2197  420491472
2198  135456306
2199  627745650
2200  823625243
2201  171275870
2202  626612331
2203  851418890
2204  861655416
2205  930547384
2206  284515344
2207  645922342
2208  933654638
2209  715648865
2210  986726965
2211  413733234
2212  619999494
2213  853551937
2214  345861884
2215  889218574
2216  751526159
2217  532364478
2218  715260469
2219  478348880
2220  482555187
2221  615811113
2222  656113220
2223  783553535
2224  617193450
2225  956903948
2226  615609515
2227  385947201
2228  791630165
2229  886982608
2230  381556147
2231  215952947
2232  905189942
2233  772961512
2234  158143325
2235  504187351
2236  918112306
2237  541432695
2238  164942248
2239  757483788
2240  370590977
2241  524352644
2242  354893203
2243  451695695
2244  866909895
2245  492445983
2246  875383131
2247  339959546
2248  237615447
2249  912374389
2250  534875910
2251  116275564
2252  611459661
2253  949731671
2254  232112275
2255  390544793
2256  458550970
2257  201772627
2258  651455398
2259  973186392
2260  998535840
2261  485540557
2262  891697494
2263  309332416
2264  422543246
2265  658823125
2266  421343119
2267  201770846
2268  998837111
2269  989439124
2270  135573741
2271  870287720
2272  491303275
2273  952410883
2274  656764931
2275  685887855
2276  954493359
2277  699570361
2278  823813265
2279  910569542
2280  616740512
2281  632795433
2282  450411323
2283  635850605
2284  270473916
2285  219469906
2286  140159625
2287  283333166
2288  278822817
2289  833176177
2290  602254830
2291  223410908
2292  851590836
2293  209805135
2294  587755227
2295  439241443
2296  601409125
2297  825984533
2298  604528213
2299  903976804
2300  683579561
2301  472344250
2302  715953444
2303  817705668
2304  423484608
2305  428689840
2306  495914565
2307  824365541
2308  998578581
2309  617680699
2310  723468341
2311  516147806
2312  881840694
2313  942813400
2314  311759597
2315  177686768
2316  295634877
2317  243579145
2318  726115199
2319  215278969
2320  272118309
2321  778845357
2322  859868997
2323  991983373
2324  329615908
2325  925533624
2326  213670356
2327  210244772
2328  867804180
2329  626583992
2330  701342705
2331  600482437
2332  288775899
2333  622602563
2334  439517868
2335  256816158
2336  536310283
2337  180462355
2338  410589435
2339  523579858
2340  196224879
2341  173441265
2342  889917408
2343  705762457
2344  126344482
2345  185533276
2346  891204802
2347  383397322
2348  744990635
2349  562898707
2350  352169944
2351  888845314
2352  608603562
2353  249358979
2354  972817819
2355  617482596
2356  266937842
2357  461938964
2358  167207606
2359  569511268
2360  747471424
2361  313828440
2362  236643272
2363  141719346
2364  237206537
2365  919938877
2366  536823715
2367  309947754
2368  162618436
2369  808182866
2370  728252579
2371  907414123
2372  649279991
2373  308831322
2374  790116366
2375  808161134
2376  978348801
2377  523741115
2378  970273238
2379  937702439
2380  880193701
2381  345414666
2382  463831338
2383  539691536
2384  920393451
2385  997905787
2386  778727574
2387  582892472
2388  594507839
2389  971597421
2390  891209289
2391  759935724
2392  634945920
2393  524804685
2394  802196745
2395  960428763
2396  798580834
2397  471611445
2398  126958563
2399  647503724
2400  638605473
2401  129221575
2402  421566629
2403  505510476
2404  494198571
2405  703323933
2406  950534342
2407  481894879
2408  831426464
2409  944986553
2410  894404595
2411  826142658
2412  325215862
2413  670690452
2414  131403284
2415  275488796
2416  442520541
2417  714776620
2418  539659263
2419  781743552
2420  325689508
2421  428934363
2422  451965346
2423  976878509
2424  133350490
2425  890279304
2426  483639115
2427  114355908
2428  698823133
2429  684448623
2430  650590203
2431  629528764
2432  486739337
2433  793731683
2434  276991951
2435  331969629
2436  255335831
2437  542357329
2438  784905190
2439  597914171
2440  365294217
2441  197989393
2442  667873614
2443  386530395
2444  588617313
2445  726285694
2446  500936755
2447  761374390
2448  416384417
2449  530718763
2450  679238117
2451  929197126
2452  483952263
2453  240225961
2454  888542684
2455  352186922
2456  481244546
2457  416576354
2458  567125291
2459  576333394
2460  408371131
2461  172421550
2462  287347933
2463  453510424
2464  871613147
2465  887891806
2466  866426880
2467  703608450
2468  692290998
2469  665632364
2470  265669240
2471  825307209
2472  733557222
2473  972636286
2474  208881926
2475  145610598
2476  481585317
2477  969973696
2478  212743551
2479  448335405
2480  529913215
2481  311247805
2482  906303215
2483  562781654
2484  922136420
2485  679479679
2486  856131669
2487  497966479
2488  599157245
2489  909270828
2490  615428998
2491  181814362
2492  386448520
2493  734925581
2494  938674971
2495  253932795
2496  520587945
2497  787424381
2498  648636988
2499  495373449
2500  506812968
2501  776756938
2502  920351426
2503  912535396
2504  151563799
2505  635997451
2506  359592225
2507  452246951
2508  952590279
2509  347245975
2510  749625365
2511  781715407
2512  962121872
2513  443823153
2514  327115869
2515  170832682
2516  968900328
2517  756182212
2518  703866286
2519  432477499
2520  913904823
2521  752383769
2522  347604542
2523  137945945
2524  169386151
2525  240617635
2526  992184929
2527  880983561
2528  678902768
2529  629874690
2530  780533813
2531  680937890
2532  785757678
2533  846764749
2534  893933144
2535  290750908
2536  491937916
2537  243765536
2538  357748359
2539  585164770
2540  768975395
2541  864588723
2542  324561728
2543  737563862
2544  594987317
2545  173641826
2546  375401333
2547  953817537
2548  555326265
2549  764528708
2550  683271760
2551  641781141
2552  298507119
2553  245714944
2554  159925755
2555  584491890
2556  545913957
2557  761354702
2558  396989507
2559  453338441
2560  150410232
2561  935398169
2562  305756630
2563  142657898
2564  308381235
2565  974725597
2566  143923295
2567  247841920
2568  938658466
2569  349584899
2570  618763867
2571  779305134
2572  832828530
2573  972591221
2574  365351119
2575  761304718
2576  573267961
2577  408860343
2578  117438900
2579  500415564
2580  865327415
2581  996213969
2582  965382251
2583  157993870
2584  911301718
2585  584203412
2586  998588785
2587  715335348
2588  754867345
2589  562267465
2590  791574645
2591  975169154
2592  899134750
2593  581486503
2594  591744308
2595  506287882
2596  882586925
2597  513245849
2598  830302993
2599  229802239
2600  775497657
2601  377621701
2602  203890883
2603  201464532
2604  878514454
2605  654412200
2606  312627553
2607  605718836
2608  746958181
2609  412137611
2610  934713904
2611  788938594
2612  133284753
2613  487891129
2614  237389826
2615  119837337
2616  819996797
2617  809126467
2618  928640516
2619  683195237
2620  899360711
2621  204784942
2622  556940999
2623  842228689
2624  280461484
2625  998644139
2626  504386964
2627  672804240
2628  353760136
2629  719744415
2630  195135925
2631  521600337
2632  405589954
2633  262202188
2634  874306914
2635  502659161
2636  999530742
2637  924489830
2638  150950587
2639  602530434
2640  436976211
2641  601855563
2642  702266815
2643  181879479
2644  259727784
2645  442193434
2646  144188212
2647  210910277
2648  729638984
2649  483522818
2650  842678315
2651  459141342
2652  424150297
2653  641596562
2654  267474809
2655  167754382
2656  212906668
2657  445922775
2658  986660642
2659  887498662
2660  854672381
2661  326887187
2662  732291285
2663  208435915
2664  593200356
2665  585846188
2666  377294297
2667  987639138
2668  118620485
2669  382301952
2670  918187536
2671  270601393
2672  459282666
2673  509354217
2674  123239573
2675  294989834
2676  570293306
2677  927871656
2678  723510179
2679  441250390
2680  314460930
2681  571710231
2682  920112908
2683  721222587
2684  273495820
2685  285966234
2686  666690822
2687  916688493
2688  670223938
2689  748397498
2690  596204914
2691  827302803
2692  184744394
2693  738526742
2694  909707897
2695  352991284
2696  805499819
2697  537685583
2698  811555384
2699  403626961
2700  311538970
2701  313749499
2702  271456941
2703  467748452
2704  343368560
2705  820963298
2706  450572213
2707  396856378
2708  504546300
2709  237380263
2710  649376310
2711  386423262
2712  236306711
2713  267302720
2714  737969963
2715  439213261
2716  737131221
2717  360920178
2718  761877875
2719  171347389
2720  220864838
2721  559719644
2722  739901419
2723  877362845
2724  559126609
2725  317564317
2726  374891613
2727  690769320
2728  611506915
2729  333687561
2730  632608465
2731  360572850
2732  331424736
2733  474368867
2734  725262291
2735  848896871
2736  857702344
2737  450485585
2738  181391517
2739  209169760
2740  232518774
2741  486279704
2742  544278928
2743  958422252
2744  498788440
2745  804218814
2746  169642520
2747  182241697
2748  171350677
2749  439406689
2750  229659140
2751  801406714
2752  695840838
2753  961536325
2754  312260679
2755  228800727
2756  869274987
2757  738677908
2758  723793699
2759  519656243
2760  832647268
2761  320333784
2762  622681317
2763  507404821
2764  554300766
2765  892147863
2766  518720986
2767  381693645
2768  719377895
2769  228444552
2770  140288587
2771  294375969
2772  923265628
2773  753136324
2774  310903429
2775  728238593
2776  826493778
2777  633280763
2778  906157619
2779  333410317
2780  845923714
2781  238812348
2782  441742433
2783  540496341
2784  616579945
2785  751821891
2786  413942789
2787  931953777
2788  367734766
2789  509325638
2790  286823366
2791  228122669
2792  353851703
2793  859537714
2794  586945199
2795  314279379
2796  701576948
2797  208220882
2798  724988579
2799  903392432
2800  526909584
2801  479370757
2802  174168394
2803  512227258
2804  160867705
2805  880195460
2806  140856231
2807  886471261
2808  288178521
2809  243980635
2810  869228617
2811  711800849
2812  306868305
2813  237771227
2814  395636118
2815  242607946
2816  880904311
2817  643170718
2818  527219199
2819  285135438
2820  814813495
2821  558658375
2822  996320191
2823  655898325
2824  199286651
2825  665229138
2826  879878732
2827  333327560
2828  337532186
2829  869258509
2830  168417659
2831  381733258
2832  340775236
2833  524469812
2834  930386896
2835  420611551
2836  204873757
2837  591484871
2838  521459711
2839  144426271
2840  466479915
2841  384184318
2842  430116990
2843  573456859
2844  654226977
2845  798353448
2846  396936841
2847  321837145
2848  336488293
2849  469905528
2850  561515871
2851  230175433
2852  776717888
2853  930585925
2854  118844480
2855  299629611
2856  861804496
2857  741533434
2858  240287475
2859  934533500
2860  278973606
2861  898858789
2862  386468888
2863  788661413
2864  588744210
2865  709731786
2866  689983367
2867  284361608
2868  371742684
2869  513179116
2870  455998448
2871  466908884
2872  633643330
2873  160497784
2874  638936801
2875  265677691
2876  402954874
2877  893304957
2878  918276155
2879  380617648
2880  601796628
2881  322305238
2882  335130558
2883  620593227
2884  958272801
2885  795187252
2886  292484876
2887  776361774
2888  902191909
2889  839450138
2890  248317127
2891  405219616
2892  806558684
2893  220623306
2894  787380779
2895  494354180
2896  396703902
2897  748172180
2898  683939606
2899  438954595
2900  210183823
2901  638659509
2902  891781789
2903  203163969
2904  549687472
2905  341497156
2906  547308732
2907  961461959
2908  203696844
2909  904643625
2910  698667923
2911  722375217
2912  727522468
2913  429263210
2914  981234413
2915  366757813
2916  254206895
2917  466739576
2918  649563999
2919  346359707
2920  768692442
2921  204427267
2922  867537995
2923  657462190
2924  912363339
2925  809360635
2926  703740964
2927  471741880
2928  520802592
2929  493894730
2930  793947982
2931  395541681
2932  129939273
2933  461673497
2934  277729516
2935  444852930
2936  326255935
2937  179584820
2938  779888685
2939  739172376
2940  940788630
2941  963798675
2942  796381404
2943  836773302
2944  507513901
2945  141174374
2946  487672809
2947  989137396
2948  973366611
2949  398629763
2950  735196320
2951  389860688
2952  114877865
2953  120941256
2954  830205175
2955  880662796
2956  444331412
2957  958149370
2958  892425395
2959  880939416
2960  929184386
2961  820848933
2962  684889580
2963  128802413
2964  645322205
2965  758282504
2966  147180929
2967  953536545
2968  820273707
2969  197435663
2970  851825534
2971  665914965
2972  927924529
2973  316234256
2974  659678775
2975  913915463
2976  724869650
2977  844863978
2978  447721186
2979  397724879
2980  312732822
2981  160189257
2982  641986193
2983  831681119
2984  992847429
2985  742357125
2986  564553830
2987  331963208
2988  890669520
2989  367493850
2990  382922421
2991  553177379
2992  554923552
2993  834568513
2994  947458750
2995  691730994
2996  217220180
2997  530349268
2998  426707890
2999  293815865
3000  443778605
3001  682396946
3002  440246511
3003  605978818
3004  114930743
3005  896619477
3006  670483262
3007  972652769
3008  613807625
3009  504532827
3010  714878134
3011  763165863
3012  785783667
3013  727937476
3014  124406542
3015  398651437
3016  596328475
3017  193377722
3018  401478262
3019  380593523
3020  273827950
3021  267154558
3022  269622964
3023  428195843
3024  208901880
3025  793493397
3026  695311408
3027  167308588
3028  579757178
3029  823882352
3030  441520891
3031  408470160
3032  767550969
3033  524482580
3034  163492318
3035  500909200
3036  324770504
3037  316227625
3038  989817234
3039  200821286
3040  910572773
3041  778343696
3042  411436701
3043  774904991
3044  306771715
3045  799873378
3046  624834896
3047  432430423
3048  167706603
3049  676841302
3050  853337698
3051  173149421
3052  284516891
3053  627987844
3054  166136909
3055  115674878
3056  166812572
3057  322856320
3058  217668856
3059  387260668
3060  270786985
3061  144412380
3062  578192634
3063  636929263
3064  537661534
3065  405485592
3066  159565905
3067  868729143
3068  822667349
3069  138423311
3070  678493897
3071  408464115
3072  802663564
3073  667738417
3074  491667126
3075  713417523
3076  703444565
3077  732447506
3078  708148885
3079  311412896
3080  534839200
3081  459230368
3082  298690282
3083  327468492
3084  680220326
3085  158560593
3086  741535131
3087  438393828
3088  944211767
3089  588528848
3090  225173577
3091  211647433
3092  854824247
3093  698298429
3094  624363689
3095  268162854
3096  389797989
3097  375491420
3098  868930524
3099  649937541
3100  842855985
3101  788828736
3102  360297534
3103  422246482
3104  344832905
3105  443797529
3106  412376313
3107  806976750
3108  859200360
3109  636663592
3110  372864491
3111  502210907
3112  224727854
3113  488999839
3114  721646558
3115  391446700
3116  688936935
3117  877302156
3118  539290138
3119  645889922
3120  228185239
3121  473452840
3122  204837951
3123  220620735
3124  823634477
3125  124547136
3126  788605966
3127  183691605
3128  797650643
3129  494380977
3130  985477330
3131  250995916
3132  493686742
3133  667603258
3134  574958693
3135  160427216
3136  329834462
3137  141658500
3138  950723344
3139  336512310
3140  780944409
3141  246781181
3142  799621950
3143  144937656
3144  910515759
3145  952188437
3146  837653511
3147  745362127
3148  144626244
3149  361783973
3150  565360883
3151  687255121
3152  768810588
3153  134851625
3154  565301928
3155  938960404
3156  291114672
3157  256311230
3158  305432209
3159  324316355
3160  825426880
3161  321822826
3162  649198183
3163  913341421
3164  742915789
3165  471720983
3166  372870624
3167  117986577
3168  124691729
3169  555753882
3170  373528423
3171  181363514
3172  314803176
3173  456609421
3174  542684546
3175  357758478
3176  435348563
3177  400587375
3178  551720877
3179  951468911
3180  770555393
3181  646586614
3182  590633521
3183  336748577
3184  592651284
3185  126460603
3186  614215441
3187  293254440
3188  498311888
3189  782946361
3190  608193184
3191  569998575
3192  902849472
3193  950757518
3194  668649302
3195  394295751
3196  248275933
3197  525799268
3198  242776692
3199  988111540
3200  728303195
3201  976666908
3202  803839477
3203  276191523
3204  684952433
3205  635509743
3206  230611845
3207  293614718
3208  675639322
3209  183835402
3210  692934844
3211  513357374
3212  704984509
3213  343869408
3214  676426739
3215  446789632
3216  236693375
3217  114979866
3218  333776296
3219  350128705
3220  622629957
3221  250414132
3222  879305605
3223  624365718
3224  295493249
3225  305815282
3226  238808751
3227  712500188
3228  696555133
3229  904622494
3230  587737475
3231  237526230
3232  449212564
3233  438401129
3234  721237913
3235  499524138
3236  432802590
3237  416238531
3238  782414723
3239  835651968
3240  191790258
3241  895504728
3242  220178212
3243  409612925
3244  220531527
3245  996424355
3246  805155783
3247  678810292
3248  351147932
3249  159589174
3250  380978504
3251  453778814
3252  967357384
3253  271531610
3254  219628399
3255  256584764
3256  150477707
3257  765771682
3258  380353174
3259  148326948
3260  948883437
3261  550519296
3262  452368416
3263  225747546
3264  364588911
3265  781377331
3266  295298847
3267  796977566
3268  983660865
3269  967490632
3270  869426936
3271  773877313
3272  937970373
3273  602721741
3274  427455792
3275  670779406
3276  715617798
3277  722997533
3278  860803393
3279  507966584
3280  537266671
3281  708811925
3282  308656937
3283  902599138
3284  917183350
3285  552608645
3286  940703498
3287  960125311
3288  828534347
3289  774829571
3290  750692118
3291  610383818
3292  991526378
3293  825358803
3294  826632174
3295  210661993
3296  637466983
3297  934935704
3298  366505641
3299  684506742
3300  444330117
3301  289471318
3302  859425688
3303  114627394
3304  790726460
3305  293629414
3306  360287684
3307  509380482
3308  125253189
3309  319312956
3310  396132671
3311  624114896
3312  884156249
3313  691164751
3314  346347798
3315  804632215
3316  728556181
3317  432382942
3318  950281671
3319  114345621
3320  764275889
3321  953335401
3322  413380447
3323  392372134
3324  282786933
3325  688290291
3326  200784909
3327  410642839
3328  773159192
3329  590289381
3330  676419255
3331  886457615
3332  708389288
3333  831824199
3334  647631566
3335  328112441
3336  645247734
3337  971804926
3338  243424124
3339  860819279
3340  814241278
3341  842325699
3342  398416796
3343  267265872
3344  822704745
3345  823754286
3346  510913924
3347  222241559
3348  754654382
3349  903388117
3350  229191152
3351  240806424
3352  520592530
3353  780842817
3354  374835116
3355  151731757
3356  147434973
3357  883770788
3358  400786580
3359  736780623
3360  764625526
3361  602129855
3362  750300379
3363  807878402
3364  848913447
3365  228198449
3366  547835741
3367  935276712
3368  360489684
3369  215849360
3370  847415723
3371  447170718
3372  424754517
3373  942362428
3374  489319687
3375  777871170
3376  521519361
3377  179796356
3378  975749596
3379  179545561
3380  690307988
3381  558948538
3382  953323568
3383  382792738
3384  387477813
3385  633380504
3386  160251723
3387  611350624
3388  124793159
3389  889509334
3390  254543677
3391  656389382
3392  318158965
3393  805908508
3394  665611926
3395  933528837
3396  423207331
3397  949713428
3398  792771225
3399  502643582
3400  909134346
3401  948272422
3402  706900131
3403  218679945
3404  758194403
3405  680936762
3406  214226739
3407  392839482
3408  253759125
3409  635705594
3410  189481734
3411  377862896
3412  468744300
3413  534642835
3414  897506217
3415  158320438
3416  760203398
3417  897451385
3418  224699290
3419  789637855
3420  356140739
3421  706544846
3422  270795767
3423  605652674
3424  397747529
3425  922581473
3426  657112764
3427  557174115
3428  236268735
3429  897341321
3430  253241798
3431  588460704
3432  325406435
3433  508153986
3434  162177799
3435  688374998
3436  425783487
3437  116180599
3438  298215702
3439  341466972
3440  517942349
3441  647548950
3442  442295446
3443  586736211
3444  878534466
3445  710893598
3446  919265930
3447  153280688
3448  229936147
3449  442946811
3450  803508490
3451  159559795
3452  581193806
3453  848813249
3454  626321640
3455  706196792
3456  536832439
3457  808828548
3458  499291773
3459  692556893
3460  814561717
3461  270134140
3462  887521660
3463  288982724
3464  552132686
3465  185974730
3466  362425580
3467  415691807
3468  294429214
3469  345973322
3470  229560285
3471  403265686
3472  774843621
3473  706308820
3474  130455216
3475  522329463
3476  401802497
3477  840867509
3478  144209834
3479  763768756
3480  407425320
3481  176522940
3482  144501440
3483  930591946
3484  259138654
3485  943523351
3486  638888956
3487  518801927
3488  125131297
3489  454189349
3490  639686789
3491  769616747
3492  122686769
3493  672553600
3494  889412144
3495  799520548
3496  715809493
3497  127205303
3498  333845994
3499  941500556
3500  832485473
3501  934130246
3502  306338205
3503  681986834
3504  215376312
3505  303390681
3506  225271636
3507  857919446
3508  547513337
3509  946792299
3510  779640310
3511  556974173
3512  602996463
3513  764421122
3514  847548879
3515  937792546
3516  861310489
3517  889711368
3518  180789445
3519  814407392
3520  680783134
3521  111929966
3522  548520117
3523  551286826
3524  793379660
3525  918193959
3526  133953959
3527  340660220
3528  933128818
3529  242568174
3530  542837985
3531  587678818
3532  319908277
3533  579865889
3534  354725891
3535  842306982
3536  532347234
3537  199351707
3538  348660490
3539  945201607
3540  639420221
3541  165172538
3542  758914996
3543  705186508
3544  726668409
3545  843526834
3546  607594238
3547  499701743
3548  911290301
3549  334281341
3550  558788858
3551  917873785
3552  655359653
3553  929911250
3554  495358202
3555  119489629
3556  747647967
3557  340866807
3558  958959474
3559  760555930
3560  162371115
3561  948759758
3562  604893248
3563  659939145
3564  190137214
3565  896580554
3566  368436721
3567  878705709
3568  994179219
3569  405164497
3570  278693824
3571  208548899
3572  737400928
3573  565711593
3574  209583436
3575  682339545
3576  295384414
3577  459122412
3578  709148988
3579  520458920
3580  430559120
3581  458980389
3582  705969119
3583  474343676
3584  508381692
3585  512320832
3586  287200552
3587  264347937
3588  794357268
3589  315990819
3590  142341854
3591  166855962
3592  626513442
3593  645654381
3594  932552225
3595  503335144
3596  457819648
3597  851409286
3598  759285966
3599  217955865
3600  457948775
3601  938224877
3602  223286889
3603  928375513
3604  120462238
3605  664719158
3606  954419721
3607  284549221
3608  702212521
3609  172566330
3610  444182624
3611  568569717
3612  440202145
3613  541910955
3614  359723820
3615  724504919
3616  798218776
3617  531396327
3618  653124786
3619  705611503
3620  835789866
3621  821934595
3622  484983434
3623  296794124
3624  473439841
3625  786174361
3626  337956175
3627  814437526
3628  854899849
3629  302881941
3630  204903974
3631  517947283
3632  295317419
3633  940717323
3634  300179159
3635  387991436
3636  579237281
3637  385460908
3638  153626112
3639  647540618
3640  136348809
3641  549466354
3642  546607808
3643  296363801
3644  915735994
3645  894752393
3646  941269964
3647  189469729
3648  161771967
3649  886771363
3650  209143495
3651  218483503
3652  870438660
3653  711590701
3654  114394196
3655  796211651
3656  991284401
3657  289669566
3658  709394480
3659  951375752
3660  712500878
3661  763924785
3662  465325191
3663  208170974
3664  848772118
3665  949842560
3666  285173755
3667  507503891
3668  583769436
3669  808607895
3670  980336656
3671  693908929
3672  835494769
3673  515113960
3674  768505129
3675  814302832
3676  538624659
3677  942971813
3678  874540430
3679  508352216
3680  248152474
3681  351478221
3682  911223390
3683  188794727
3684  753605760
3685  997915375
3686  763221456
3687  500321719
3688  406201277
3689  752869421
3690  679146602
3691  858147550
3692  606380590
3693  334639690
3694  681599710
3695  708749386
3696  262371755
3697  500359467
3698  119522201
3699  486175719
3700  223945502
3701  596356541
3702  163280817
3703  558693604
3704  818741941
3705  908353910
3706  776814202
3707  133682345
3708  128891218
3709  752806330
3710  135505216
3711  216872393
3712  412421710
3713  113750405
3714  429141777
3715  932949840
3716  439944542
3717  166233958
3718  771276746
3719  723918164
3720  726721269
3721  477559574
3722  572931878
3723  171491668
3724  710543258
3725  674553335
3726  407285405
3727  211223675
3728  608731965
3729  277707769
3730  930401823
3731  229484163
3732  715426569
3733  211468970
3734  575243942
3735  453697367
3736  873420635
3737  923160444
3738  784130584
3739  779390796
3740  987147154
3741  659419817
3742  652218156
3743  967693113
3744  607725705
3745  477958973
3746  932513670
3747  418969139
3748  238609437
3749  261336688
3750  803317199
3751  309380863
3752  629364853
3753  565954977
3754  618111601
3755  500594340
3756  914753324
3757  404215356
3758  256806432
3759  788545575
3760  113306563
3761  849578481
3762  324466225
3763  351230237
3764  577147771
3765  239849449
3766  295717464
3767  527425580
3768  750782854
3769  904841755
3770  793166176
3771  654442977
3772  584698991
3773  234523280
3774  709317314
3775  934490532
3776  389725555
3777  748125537
3778  552116580
3779  377851213
3780  569288656
3781  165775919
3782  426933203
3783  212607633
3784  301820889
3785  228649386
3786  838196558
3787  730384457
3788  455271882
3789  437489446
3790  371485524
3791  768474609
3792  925856425
3793  628857980
3794  142670686
3795  645985566
3796  853164646
3797  773178379
3798  878736449
3799  117368334
3800  304539481
3801  191177315
3802  591171518
3803  266816322
3804  174537241
3805  971728477
3806  277493602
3807  768533899
3808  555852514
3809  737877572
3810  515468488
3811  193183751
3812  295169190
3813  164246291
3814  887756344
3815  693181479
3816  915115298
3817  198183545
3818  786978887
3819  206140399
3820  195393168
3821  553745876
3822  172383901
3823  210388793
3824  463466575
3825  578699921
3826  995916777
3827  975613654
3828  904544276
3829  642477694
3830  989557659
3831  663753509
3832  377448979
3833  162826847
3834  888982592
3835  837831435
3836  860459544
3837  811556956
3838  131509273
3839  309936987
3840  864915376
3841  144797468
3842  942873733
3843  849693948
3844  679447599
3845  422538935
3846  563389702
3847  299581267
3848  318973180
3849  721761862
3850  179285428
3851  494635563
3852  463650389
3853  285779591
3854  776364485
3855  637652143
3856  828155949
3857  145560555
3858  736546316
3859  648764521
3860  449847548
3861  331121903
3862  990505458
3863  624245592
3864  902130802
3865  677142836
3866  156847874
3867  221418895
3868  547508885
3869  876202696
3870  327706209
3871  735272829
3872  165723733
3873  579676697
3874  852835613
3875  600908638
3876  662814570
3877  859171615
3878  275892177
3879  710716633
3880  403926155
3881  133593941
3882  935590533
3883  825323724
3884  294583243
3885  444938264
3886  538613591
3887  216586723
3888  281817253
3889  563305451
3890  689240369
3891  303147707
3892  332521865
3893  595828704
3894  772974203
3895  315414594
3896  898737222
3897  842479113
3898  457241677
3899  292752145
3900  166735172
3901  142412786
3902  573610505
3903  121386718
3904  964480433
3905  481213662
3906  190558670
3907  957983423
3908  822847347
3909  770505212
3910  510854830
3911  111370449
3912  873301767
3913  212332328
3914  689371887
3915  626305660
3916  737879747
3917  834714504
3918  271119983
3919  359118805
3920  490436661
3921  660853624
3922  822367833
3923  149614613
3924  477413160
3925  661297508
3926  270398352
3927  626393147
3928  253508823
3929  538541358
3930  721856433
3931  571192701
3932  367688392
3933  766955983
3934  496453469
3935  298693193
3936  535268531
3937  844411475
3938  213198919
3939  189539158
3940  817258982
3941  343270932
3942  899209503
3943  443183871
3944  393332569
3945  717801807
3946  807976894
3947  919518292
3948  268711417
3949  120150345
3950  568356387
3951  774427182
3952  433176453
3953  160625268
3954  377606310
3955  465191158
3956  153114199
3957  663955540
3958  724587575
3959  229177797
3960  856613792
3961  917600276
3962  679263294
3963  914504262
3964  384814788
3965  338619483
3966  391536149
3967  116452581
3968  574559977
3969  127151955
3970  312613968
3971  456448715
3972  542922387
3973  922774114
3974  864989695
3975  294265277
3976  149725442
3977  517197160
3978  275771692
3979  769490430
3980  139911483
3981  665215798
3982  163201300
3983  983380185
3984  717708485
3985  953239422
3986  796714555
3987  459433917
3988  766739125
3989  613200211
3990  113629522
3991  419757541
3992  896701399
3993  477586546
3994  987931773
3995  609503976
3996  181806379
3997  399400587
3998  347978711
3999  281169677
4000  850689741
4001  731772572
4002  678194273
4003  807534691
4004  372918325
4005  548195380
4006  243477857
4007  604962608
4008  789692540
4009  655942182
4010  280992527
4011  322486626
4012  182797938
4013  768648785
4014  748129542
4015  707220755
4016  651161511
4017  369354171
4018  645383889
4019  171333412
4020  899499639
4021  401794521
4022  262694705
4023  645555181
4024  438434708
4025  518345900
4026  185445449
4027  411130685
4028  848368771
4029  712560254
4030  230829630
4031  420837551
4032  597764486
4033  372476923
4034  150324298
4035  623736214
4036  530488821
4037  710426735
4038  824341663
4039  738686760
4040  910601301
4041  907806836
4042  907532368
4043  184627310
4044  202958927
4045  520725191
4046  114683910
4047  884798701
4048  920238836
4049  441395317
4050  173147603
4051  476763489
4052  261654580
4053  184720644
4054  251395727
4055  435515904
4056  541370281
4057  820514766
4058  667910677
4059  261570794
4060  402600679
4061  419777671
4062  714223900
4063  238498919
4064  553265408
4065  957675116
4066  268297203
4067  492956819
4068  582135545
4069  358870133
4070  365417781
4071  510999528
4072  350182214
4073  934645124
4074  500640789
4075  390243829
4076  234729781
4077  780897618
4078  291322164
4079  999781482
4080  661227146
4081  670595470
4082  434476875
4083  539794466
4084  305571984
4085  247536456
4086  590554292
4087  655790987
4088  336816522
4089  409513403
4090  919689878
4091  677442679
4092  774587393
4093  193887686
4094  225515200
4095  903862219
