0  676248295
1  277355510
2  783415129
3  439189726
4  305784122
5  563338563
6  949384537
7  513703686
8  634721500
9  636143750
10  477429428
11  847573555
12  651690516
13  798467789
14  312578256
15  298390147
16  347382304
17  222708661
18  180175714
19  206954504
20  846506509
21  742243482
22  277916987
23  281778943
24  858265749
25  641777926
26  448502989
27  476117873
28  806548185
29  520230861
30  209367593
31  889347426
32  162867316
33  307963978
34  899596218
35  526388361
36  344331916
37  317304168
38  973120745
39  819862881
40  351611516
41  565945563
42  819356649
43  217633996
44  810474628
45  551865967
46  413897263
47  897479343
48  180688338
49  693519975
50  557905493
51  826361242
52  403461772
53  441143842
54  171685974
55  445313862
56  357936252
57  915780331
58  544806479
59  429162541
60  426736879
61  539168908
62  840497612
63  691905806
64  883675527
65  641523315
66  735570392
67  237389239
68  670651258
69  339197498
70  974641373
71  811602374
72  429862856
73  266553135
74  183220497
75  158915394
76  151761626
77  359600156
78  307448438
79  517342824
80  855685767
81  757653666
82  354163812
83  625643954
84  430693758
85  327157204
86  221702722
87  879196663
88  301537971
89  556519995
90  211216538
91  521479787
92  186755189
93  695632489
94  431633657
95  598527260
96  813327776
97  428488983
98  719428473
99  197899276
100  626502786
101  377335916
102  904163379
103  337374772
104  744737771
105  198240169
106  117412840
107  489279630
108  138656739
109  990539881
110  397515332
111  330841818
112  146585696
113  838867388
114  787231334
115  204898467
116  132853262
117  469620253
118  714809348
119  955870935
120  613424779
121  526969670
122  768307754
123  791992899
124  141863207
125  930985136
126  863636583
127  798825812
128  316228948
129  355435306
130  816711892
131  720434262
132  678428987
133  818695987
134  884276934
135  586736133
136  887644952
137  688927672
138  696637484
139  332600421
140  181677991
141  547444407
142  113675361
143  679778578
144  373989663
145  731948994
146  692673371
147  610464927
148  597603266
149  689640335
150  964916324
151  120720249
152  941442641
153  909850606
154  901814808
155  848837165
156  830435277
157  814377319
158  255560353
159  151335176
160  111289712
161  977499631
162  775507663
163  288793258
164  247219653
165  153527726
166  687738779
167  405316584
168  178241221
169  813916582
170  622410625
171  158941782
172  934963294
173  317629895
174  833444792
175  721331614
176  402226233
177  241226359
178  220867180
179  676169681
180  469876903
181  684762246
182  829626848
183  815140231
184  399439795
185  146958860
186  486785743
187  497780683
188  233124283
189  810284446
190  575916917
191  636747774
192  767173289
193  835720824
194  507246936
195  245445199
196  130942384
197  817146348
198  130360166
199  745889456
200  702843744
201  156827686
202  430852789
203  630590825
204  996650146
205  452302386
206  919815469
207  688797810
208  854308532
209  322728874
210  320391387
211  199446242
212  792715822
213  297679746
214  974626566
215  974260736
216  491530888
217  244476154
218  449357832
219  121160873
220  997465157
221  631566750
222  140632285
223  115552590
224  416435822
225  379165453
226  223432164
227  489255416
228  590879685
229  432790521
230  977566334
231  339912115
232  969851915
233  731185696
234  938353597
235  454468180
236  851909935
237  604614929
238  683945626
239  512654810
240  548973820
241  285591181
242  714287577
243  693173894
244  801436994
245  510635505
246  830285646
247  898793991
248  409708605
249  164785973
250  239242182
251  428713686
252  168475243
253  886620650
254  239234502
255  966631286
256  344884327
257  323862814
258  171494464
259  472551351
260  474225713
261  176303710
262  838820721
263  793336190
264  476962693
265  614961149
266  849295417
267  821455647
268  956507940
269  307347455
270  478185949
271  827516890
272  310445658
273  215400681
274  147661193
275  826111754
276  343366528
277  545658549
278  758939576
279  949154872
280  724719429
281  531389913
282  228466286
283  551842715
284  471198169
285  794641143
286  539316672
287  176567270
288  539315285
289  499813600
290  259824120
291  870745603
292  251202669
293  480136330
294  534529869
295  728362431
296  478734837
297  433725424
298  302234714
299  323911598
300  470763245
301  497734776
302  434246211
303  816592201
304  817760780
305  707655668
306  953665676
307  989747485
308  259964606
309  640813836
310  775193838
311  553677126
312  706576380
313  199367696
314  826740204
315  194583931
316  809824617
317  220361190
318  373151890
319  137306585
320  840836308
321  235728742
322  304614563
323  773871760
324  749636297
325  128246387
326  680824421
327  747385721
328  427120754
329  315770943
330  366553534
331  929144326
332  442711256
333  853631598
334  353881592
335  112561692
336  181665443
337  589751531
338  187293909
339  502252378
340  349160158
341  664702378
342  939161237
343  599981802
344  116545389
345  188950223
346  838978493
347  159198419
348  179637786
349  681813549
350  382986338
351  902274645
352  299623687
353  400722713
354  802270919
355  995422163
356  612350899
357  960252311
358  779111525
359  124795314
360  769728135
361  144388948
362  751946932
363  230120888
364  112927631
365  803845483
366  952260182
367  201835381
368  811311844
369  349759228
370  893113383
371  656333352
372  771464828
373  750724925
374  463750736
375  526811765
376  969910174
377  763633991
378  120405544
379  677815560
380  732334166
381  409286416
382  861329206
383  309619125
384  362151483
385  592439443
386  254398158
387  265771323
388  623205262
389  889448871
390  253298138
391  238563255
392  270239626
393  440321887
394  444418907
395  722878430
396  607840944
397  421314928
398  715691350
399  480284474
400  898616936
401  224409799
402  711257728
403  535767968
404  513963231
405  146180360
406  117284454
407  987394804
408  439177376
409  297233123
410  981724742
411  783621582
412  154372319
413  303273203
414  246204643
415  327836610
416  284784444
417  295456944
418  380404914
419  936992726
420  270184149
421  248915369
422  721318614
423  893410957
424  218654600
425  469962530
426  632330958
427  773270282
428  481532813
429  295683605
430  820869153
431  671164910
432  387351598
433  850360312
434  995931626
435  429422762
436  578115718
437  395943324
438  590461670
439  293569832
440  372929159
441  337735533
442  947284556
443  596185233
444  549580308
445  766665772
446  695550764
447  208386267
448  828472344
449  142877382
450  391782335
451  861885611
452  789652711
453  901629352
454  537314613
455  811401941
456  349564387
457  771457211
458  511589161
459  225955510
460  817467650
461  642713663
462  461449916
463  946312749
464  216704899
465  954162586
466  344377896
467  199420565
468  921836242
469  126871241
470  445380223
471  764752258
472  170164627
473  416626244
474  120428451
475  695441153
476  184155379
477  940498518
478  590360160
479  671496704
480  188602254
481  901962171
482  691701494
483  380741623
484  608848490
485  784257663
486  891760803
487  574195127
488  126587475
489  368548603
490  203541746
491  766613937
492  886230533
493  668356426
494  265681760
495  665285964
496  160464650
497  926812466
498  575468174
499  537471837
500  845840602
501  139772874
502  956489592
503  724971790
504  496485515
505  449586405
506  292282740
507  834897232
508  990849180
509  859248192
510  899600815
511  217581355
