0  458343788
1  780283578
2  138369756
3  505197754
4  196735699
5  671377615
6  628915264
7  188684552
8  621451112
9  809876716
10  537149639
11  809408230
12  447724977
13  506234419
14  685349244
15  462142279
16  136598561
17  846869619
18  521287815
19  968957431
20  598774368
21  967311954
22  881608380
23  552692532
24  643985317
25  638841695
26  654994656
27  476353982
28  444139112
29  155741497
30  667843933
31  575192310
32  253121177
33  917668532
34  529617290
35  754280422
36  724817164
37  409940487
38  701325529
39  887200355
40  440658878
41  391919733
42  248308493
43  326388977
44  435194796
45  614419657
46  741192304
47  214838969
48  120391596
49  255445953
50  563335312
51  463868817
52  134606181
53  609165251
54  873308868
55  534643111
56  193699592
57  494128775
58  616114312
59  434598798
60  473769622
61  284484577
62  851313411
63  574140423
