0  229794501
1  390289237
2  807180534
3  154535969
4  480204997
5  622387712
6  517849486
7  377993287
8  412112985
9  590546761
10  468626876
11  958412654
12  466257765
13  957726746
14  725873888
15  696611145
16  442253602
17  899729282
18  299470629
19  833157859
20  264718346
21  333338979
22  251215284
23  399139470
24  906458571
25  632544469
26  344352591
27  703848479
28  783127240
29  418244149
30  231259945
31  868277423
32  597112797
33  775163644
34  339306881
35  361351931
36  406846958
37  183642924
38  234849790
39  926292704
40  486632527
41  226979370
42  674879696
43  766299656
44  564295817
45  538962811
46  993515606
47  933785605
48  475798400
49  422920672
50  636327388
51  657799425
52  777774365
53  736354774
54  658314347
55  428847825
56  500367996
57  124849463
58  220372265
59  578848213
60  111133636
61  135866268
62  391687561
63  138382444
64  531149139
65  231337237
66  182153447
67  182607629
68  542508139
69  256232192
70  940407418
71  189133816
72  341734399
73  917556603
74  627399751
75  156234728
76  848201665
77  779203930
78  165618847
79  399747587
80  333864859
81  924508326
82  879880850
83  750300411
84  807963408
85  762163905
86  974785977
87  338848774
88  986534372
89  721483625
90  664819239
91  828834580
92  348818593
93  922939532
94  795143320
95  181982756
96  446701819
97  604635869
98  166735483
99  272772384
100  769774955
101  623780330
102  459315355
103  837365236
104  768854265
105  989323793
106  389378154
107  758114757
108  407639579
109  189496228
110  711844175
111  549885614
112  231696483
113  571930946
114  618761718
115  592590577
116  861453814
117  761641424
118  762865414
119  424360690
120  799195415
121  375320518
122  991120766
123  761629260
124  309942841
125  727242871
126  822422870
127  580796875
